0
33
66
101
134
171
204
241
274
309
351
383
418
449
599
978
1014
1046
1092
1124
1157
1194
1227
1264
1296
1333
1366
1403
1436
1484
1892
2004
2040
2074
2110
2143
2188
2221
2257
2291
2324
2360
2393
2429
2463
2798
2993
3029
3063
3099
3133
3165
3201
3235
3280
3313
3358
3391
3427
3460
3777
3992
4024
4060
4094
4130
4163
4200
4232
4263
4296
4330
4374
4406
4443
4534
4968
5007
5044
5077
5111
5148
5181
5217
5250
5287
5320
5357
5389
5423
5468
5796
5999
6031
6068
6102
6138
6172
6209
6241
6275
6311
6345
6381
6414
6459
6745
7004
7038
7074
7117
7150
7187
7220
7256
7290
7326
7360
7395
7429
7462
7867
7997
8033
8066
8111
8145
8181
8215
8250
8284
8317
8354
8387
8424
8456
8736
8989
9025
9058
9091
9128
9161
9205
9239
9274
9308
9345
9378
9415
9449
9653
9980
10014
10051
10083
10120
10154
10191
10234
10279
10313
10346
10382
10416
10453
10711
10984
11017
11053
11087
11120
11157
11190
11226
11260
11297
11330
11375
11408
11441
11641
11976
12012
12045
12081
12115
12151
12185
12221
12254
12287
12324
12357
12394
12426
12608
12968
13005
13047
13081
13117
13150
13186
13220
13256
13290
13337
13369
13402
13439
13557
13970
14003
14048
14081
14118
14151
14188
14221
14255
14291
14325
14362
14395
14432
14465
14868
14999
15032
15068
15102
15147
15181
15218
15251
15287
15321
15357
15391
15425
15461
15870
16005
16039
16076
16109
16155
16187
16221
16266
16300
16336
16370
16407
16439
16740
16991
17028
17062
17095
17132
17164
17201
17235
17271
17305
17350
17382
17416
17453
17800
17995
18029
18064
18098
18135
18168
18202
18238
18271
18308
18341
18378
18411
18456
18805
18986
19020
19054
19090
19123
19160
19194
19239
19273
19310
19342
19376
19413
19447
19737
19977
20050
20095
20131
20165
20202
20235
20268
20305
20339
20376
20408
20445
20713
20977
21011
21043
21080
21114
21159
21193
21230
21262
21299
21333
21366
21403
21437
21672
21970
22007
22040
22077
22110
22146
22180
22213
22259
22292
22328
22370
22407
22441
22695
22973
23005
23042
23076
23112
23146
23194
23226
23263
23296
23341
23374
23408
23444
23723
23975
24009
24046
24079
24116
24150
24184
24221
24254
24290
24324
24361
24395
24440
24724
24969
25006
25040
25077
25111
25147
25180
25217
25251
25288
25322
25355
25391
25425
25690
25967
26012
26046
26082
26116
26149
26186
26220
26256
26302
26338
26372
26409
26443
26475
26784
27002
27039
27073
27118
27151
27188
27221
27258
27292
27325
27361
27395
27432
27514
27949
27997
28034
28068
28101
28138
28171
28216
28249
28286
28320
28357
28390
28427
28546
28957
29004
29038
29075
29108
29145
29179
29216
29250
29283
29328
29362
29411
29445
29780
29977
30014
30047
30084
30118
30152
30189
30222
30259
30293
30330
30363
30409
30443
30733
30974
31007
31044
31077
31114
31148
31185
31219
31256
31289
31323
31359
31393
31430
31615
31967
32001
32038
32072
32114
32151
32184
32221
32255
32292
32326
32363
32395
32429
32760
32974
33010
33044
33156
33190
33227
33261
33298
33331
33365
33402
33436
33707
33968
34006
34040
34077
34111
34144
34181
34215
34260
34294
34331
34365
34401
34435
34712
34967
35000
35037
35071
35108
35142
35179
35212
35258
35292
35326
35371
35405
35442
35734
35972
36006
36056
36090
36124
36161
36194
36231
36265
36302
36336
36373
36406
36452
36869
36984
37021
37054
37090
37124
37161
37195
37232
37266
37299
37335
37369
37406
37440
37781
37973
38018
38051
38088
38122
38155
38192
38226
38263
38297
38334
38377
38413
38464
38879
38982
39016
39052
39086
39146
39179
39217
39251
39285
39322
39355
39392
39426
39625
39961
39998
40031
40068
40102
40136
40174
40206
40253
40286
40323
40357
40394
40428
40627
40960
40994
41031
41065
41101
41135
41172
41206
41243
41277
41310
41355
41389
41426
41691
41964
41997
42034
42068
42102
42139
42187
42224
42258
42294
42328
42365
42398
42443
42844
42975
43012
43046
43084
43118
43155
43188
43226
43260
43297
43331
43364
43402
43436
43787
43970
44016
44050
44086
44120
44154
44191
44226
44262
44296
44333
44368
44405
44439
44759
44969
45003
45049
45083
45128
45162
45198
45248
45284
45318
45352
45389
45423
45653
45957
45994
46028
46065
46099
46135
46169
46203
46249
46283
46320
46354
46390
46424
46698
46958
46995
47028
47062
47099
47133
47170
47203
47240
47274
47319
47353
47387
47424
47674
47957
47991
48028
48062
48099
48141
48179
48213
48247
48299
48333
48371
48405
48524
48944
48985
49019
49053
49090
49123
49161
49195
49232
49266
49304
49337
49374
49408
49445
49885
49976
50021
50055
50093
50127
50164
50198
50231
50269
50303
50340
50374
50411
50470
50914
50979
51013
51050
51083
51129
51163
51200
51234
51280
51329
51363
51400
51434
51839
51968
52005
52039
52076
52109
52146
52180
52214
52259
52293
52330
52363
52401
52435
52835
52970
53003
53041
53075
53113
53147
53184
53217
53255
53289
53323
53369
53403
53461
53883
53976
54010
54047
54082
54115
54152
54186
54224
54258
54295
54329
54391
54425
54677
54974
55007
55044
55079
55116
55150
55187
55220
55258
55292
55326
55363
55397
55434
55826
55979
56013
56059
56093
56127
56163
56198
56235
56269
56306
56340
56377
56411
56476
56919
56990
57027
57060
57097
57131
57176
57210
57244
57282
57315
57352
57387
57486
57909
57995
58030
58064
58101
58136
58173
58206
58244
58278
58324
58358
58396
58430
58774
58972
59007
59044
59078
59116
59149
59186
59221
59255
59292
59327
59363
59397
59579
59951
59989
60024
60058
60095
60128
60166
60200
60237
60271
60309
60342
60376
60413
60691
60962
60996
61042
61076
61113
61156
61193
61227
61261
61299
61333
61369
61403
61511
61932
61986
62020
62053
62090
62124
62242
62276
62313
62346
62384
62418
62719
62963
62997
63034
63068
63106
63140
63177
63212
63248
63283
63317
63363
63397
63461
63883
63981
64014
64069
64104
64140
64174
64209
64246
64280
64318
64351
64397
64458
64945
64981
65015
65052
65087
65123
65157
65195
65229
65266
65301
65334
65371
65406
65628
65949
65987
66020
66067
66100
66137
66172
66206
66243
66277
66314
66348
66386
66420
66757
66963
66996
67034
67085
67122
67156
67210
67244
67282
67316
67354
67387
67422
67784
67967
68014
68048
68086
68120
68158
68191
68229
68264
68298
68344
68379
68416
68715
68957
68992
69029
69064
69102
69135
69169
69207
69242
