0.0693
0.1123
0.2344
0.1523
0.1523
0.3223
0.3037
0.2988
0.3154
-0.0127
0.0225
0.0059
0
0.0166
0.0371
0.0283
-0.0049
0.0459
0.0166
0.1074
-0.002
-0.0752
0.0352
0.0479
-0.127
-0.0957
0.0459
-0.2432
0.0332
0.1748
0.1377
0.1699
0.167
0.1943
0.3076
0.3232
0.3525
0.0215
-0.0557
0.0352
-0.0195
0.0098
-0.0127
0.0039
-0.0029
-0.001
0.0186
0.1055
-0.0322
-0.0254
0.042
-0.0576
0.0605
-0.0498
-0.0078
-0.1348
0.1689
0.1768
0.1484
0.167
0.207
0.2793
0.1504
0.1914
0.4375
-0.0605
0.0078
0.0244
0.0146
0.0107
0.0059
0.0234
0.0068
0.0615
-0.0273
0.0596
0.0195
0.0879
0.0732
-0.085
0.0156
0.0313
-0.1328
-0.1826
-0.3643
-0.084
0.0557
0.168
0.2295
0.2109
0.1836
0.3096
0.2598
0.2861
0.0176
-0.0332
0.0254