-0.0977
-0.0439
0.0117
0.0361
-0.0879
-0.0127
-0.1035
0.0723
-0.0537
-0.0244
-0.0215
-0.0244
-0.0234
0.0576
-0.0098
-0.0273
-0.0146
-0.0098
-0.0156
-0.0576
-0.0156
-0.0244
-0.0068
-0.0127
-0.0371
0.001
-0.0107
-0.0176
-0.0264
-0.0059
0.0049
-0.0146
-0.0322
-0.0186
-0.0342
-0.0146
0.0479
0.0322
0.0918
0.0928
0.0938
0.0186
0.0186
0.0625
0.0967
0.0371
-0.2666
-0.1865
-0.1016
-0.2334
-0.3311
-0.21
-0.2646
-0.2891
-0.249
-0.2432
-0.1055
-0.0713
-0.0361
-0.0137
0.1865
0.2852
0.2715
0.2227
0.1348
0.0498
0.1162
0.0684
0.0352
0.0322
-0.0078
-0.0322
-0.0811
-0.1895
-0.2529
-0.2314
-0.043
0.0098
0.1289
0.1963
0.2529
0.1738
0.1387
0.1211
0.1465
0.1904
0.2314
0.3232
0.0313
0.1592
0.2676
-0.083
-0.124
-0.1816
-0.3516
-0.374
-0.1367
-0.292
-0.3633
-0.2549
-0.1553
-0.1436
-0.1123
-0.0898
-0.0625
-0.0156
0.1865
0.1387
0.1455
0.1689
0.1172
0.0713
0.0439
0.04
-0.0068
-0.0586
-0.1035
-0.1309
-0.1514
-0.2314
-0.3018
-0.0986
0.1387
0.1709
0.1689
0.165
0.1475
0.1904
0.124
0.1289
0.0879
0.2041
0.2197
0.1699
0.3633
0.3594
-0.0684
-0.4189
-0.3613
-0.4248
-0.4531
-0.3721
-0.2246
-0.0186
0.0488
0.0391
0.1094
0.0635
0.1357
0.167
0.1582
0.4277
-0.0166
-0.0059
0.001
-0.0078
-0.1602
-0.2334
-0.2852
-0.1904
-0.1748
-0.3975
-0.2715
-0.3174
-0.2715
-0.3525
0.0342
0.1191
0.2852
0.292
0.2539
0.1924
0.1943
0.1709
0.0166
-0.0068
0.0098
-0.0889
-0.0879
-0.1377
-0.1973
-0.2539
0.0049
0.1318
0.1738
0.1104
0.1826
0.2383
0.1826
0.2451
0.3535
0.3672
0.0498
0.2314
0.2939
0.334
0.0605
-0.3574
-0.2129
-0.3535
-0.3525
-0.3691
-0.3076
-0.2617
-0.2559
-0.1494
-0.0127
0.125
0.126
0.1807
0.2236
0.292
-0.0117
0.0049
-0.1211
-0.083
-0.2656
-0.1953
-0.1719
-0.2891
-0.3652
-0.4863
-0.2715
-0.3809
-0.3447
-0.2773
-0.1504
0.1943
0.1689
0.3047
0.2246
0.1904
0.1748
0.1094
0.0645
0.1143
0.0596
0.0283
-0.0166
-0.083
-0.001
0.0049
-0.2959
-0.0586
0.0303
0.1211
0.1172
0.1504
0.1904
0.1885
0.1699
0.1719
0.2773
0.3408
0.1748
0.2646
-0.0908
-0.3896
-0.5479
-0.3652
-0.3994
-0.376
-0.3154
-0.2471
-0.1992
-0.1426
0.0508
0.0303
0.1221
0.1855
0.2275
0.3096
0.0469
0.0586
0.0186
-0.083
-0.1279
-0.2461
-0.2236
-0.3242
-0.3506
-0.375
-0.3691
-0.1523
-0.2695
-0.4014
0.1475
0.3154
0.4004
0.3311
0.2236
0.3223
0.3506
0.3213
0.2148
0.0957
0.1377
-0.0352
0.0713
-0.0342
-0.1055
-0.2021
-0.1064
0.0361
0.1426
0.1152
0.1807
0.1953
0.2285
0.3145
0.2334
0.1934
0.3291
0.2529
0.2139
0.0732
-0.1387
-0.1602
-0.3105
-0.5078
-0.6543
-0.3271
-0.25
-0.2725
-0.3311
-0.2285
-0.2109
-0.1621
-0.1211
-0.0244
0.3213
0.0449
0.0488
-0.0205
-0.1094
0.0225
0.0059
-0.0703
-0.0723
-0.2227
-0.3613
-0.3281
-0.2861
-0.3164
-0.2314
-0.1865
0.4443
0.4658
0.3301
0.1924
0.3047
0.2803
0.2344
0.2119
0.1729
0.0908
0.082
-0.0273
0.001
-0.0635
-0.1943
-0.1045
-0.1602
-0.1074
-0.04
-0.0176
0.0244
0.0566
0.1016
0.2012
0.1074
0.2344
0.2451
0.2344
0.3643
0.1582
-0.0088
0.04
-0.0898
-0.0342
-0.1455
-0.3652
-0.2441
-0.2061
-0.248
-0.4033
-0.4131
-0.3779
-0.4414
-0.3604
0.0771
0.2158
0.3398
0.2754
0.2275
0.1504
0.1191
0.0537
0.0029
-0.043
-0.0107
-0.0322
-0.1133
-0.0596
-0.0908
-0.2002
-0.293
0.0107
0.0947
0.0439
0.1328
0.2295
0.1768
0.2852
0.2109
0.1709
0.2031
0.1406
0.1289
0.2754
0.3613
-0.1768
-0.4863
-0.3477
-0.4717
-0.3555
-0.334
-0.1885
-0.1475
-0.0732
-0.0225
-0.0098
-0.0117
0.0488
0.0801
0.2207
0.2139
0.1221
0.1045
-0.0068
-0.0635
-0.0488
-0.0449
-0.2051
-0.3125
-0.3291
-0.2031
-0.1699
-0.3408
-0.1953
-0.0098
0.3096
0.3398
0.2383
0.0537
0.1758
0.2168
0.2148
0.2939
0.1982
0.1621
0.1836
0.085
0.0527
-0.0576
-0.1719
-0.3779
-0.3047
-0.2236
-0.2041
-0.0244
0.1426
0.2002
0.3008
0.2695
0.3271
0.3682
0.4463
0.3984
0.0605
0.2695
-0.2451
-0.3018
-0.3027
-0.2051
-0.3496
-0.1445
-0.2451
-0.2861
-0.3174
-0.2646
-0.1836
-0.1562
-0.1387
-0.0742
0.2227
0.3047
0.248
0.2129
0.0234
-0.0654
-0.0732
-0.0264
-0.1826
-0.0459
-0.1719
-0.3037
-0.1895
-0.4805
0.1992
0.1152
0.1885
0.166
0.2187
0.2676
0.3086
0.1279
0.1602
0.2588
0.2852
0.2637
0.1875
0.1279
-0.123
-0.4854
-0.4023
-0.3301
-0.3564
-0.2002
-0.1758
-0.1133
-0.04
0.0273
0.1328
0.0488
0.1016
0.1484
0.2119
0.2432
-0.0176
-0.0254
-0.167
-0.0938
-0.1436
-0.2139
-0.1846
-0.3652
-0.5049
-0.4316
-0.2715
-0.4131
-0.3945
-0.2363
0.374
0.1338
0.248
0.2939
0.291
0.2412
0.1758
0.1553
0.0615
0.0391
-0.0869
-0.0508
-0.0908
-0.1279
-0.0557
-0.1377
-0.1074
0.0283
0.0518
0.042
0.2002
0.2568
0.1826
0.2295
0.2988
0.375
0.0977
0.167
0.29
0.2939
-0.1436
-0.3047
-0.4629
-0.5146
-0.3037
-0.2773
-0.248
-0.2578
-0.2051
-0.1436
0.0059
-0.0283
0.0449
0.1543
0.3564
0.1553
-0.0273
0.0566
0.0234
-0.0928
-0.1621
-0.2129
-0.2275
-0.3242
-0.3467
-0.2783
-0.3389
-0.2813
-0.2783
-0.2783
0.2949
0.3516
0.082
0.2344
0.2207
0.0859
0.2197
0.3125
0.2656
0.2256
0.1436
0.0342
0.0293
0.0195
-0.1152
-0.1855
-0.3662
-0.0625
0.1191
0.0322
0.2656
0.2842
0.3555
0.457
0.4102
0.3613
0.2002
0.0439
0.2549
0.043
-0.3125
-0.3096
-0.4326
-0.4668
-0.5029
-0.3633
-0.3535
-0.3076
-0.2529
-0.2227
-0.0801
-0.0918
-0.0176
0.0762
0.0811
0.1719
0.1318
0.0352
0.0449
-0.1035
-0.1699
-0.21
-0.3867
-0.373
-0.3779
-0.377
-0.2627
-0.2764
-0.1514
-0.0381
0.1826
0.1953
0.2002
0.2764
0.1572
0.2119
0.3076
0.2549
0.2783
0.2617
0.2021
0.0527
-0.0244
-0.0908
-0.3154
-0.1914
-0.1191
-0.0547
0.0186
0.0303
0.0049
0.1152
0.2187
0.2051
0.3184
0.4355
0.3877
0.3457
0.249
-0.2676
-0.3535
-0.2432
-0.2334
-0.2627
-0.3701
-0.5176
-0.2109
-0.3867
-0.3682
-0.2969
-0.2402
-0.1348
-0.1738
0.2617
0.1924
0.2168
0.2109
0.1934
0.0869
0.0293
0.1006
-0.082
-0.0352
-0.2598
-0.3506
-0.1738
-0.1826
-0.2939
-0.0146
0.2266
0.415
0.5664
0.2168
0.2881
0.1445
0.0303
0.1133
0.1865
0.2256
0.3105
0.2461
0.2686
0.3252
-0.3555
-0.3037
-0.4766
-0.3086
-0.252
-0.1572
-0.0928
-0.1162
-0.1562
-0.0303
-0.0049
0.0137
0.0938
0.3242
0.4375
0.2441
0.1064
0.0527
-0.0674
-0.0869
-0.2354
-0.2539
-0.1904
-0.1465
-0.2598
-0.3779
-0.3721
-0.2285
-0.4814
0.1016
0.2588
0.2559
-0.0137
0.0762
0.1729
0.2813
0.335
0.3193
0.2187
0.1191
0.127
0.0049
0.0244
0.0469
-0.5234
-0.1455
-0.0283
0.0059
0.0439
0.1533
0.0732
0.0117
0.1602
0.332
0.2393
0.2939
0.3555
0.3291
0.1367
0.0889
-0.1846
-0.2383
-0.1523
-0.2051
-0.2441
-0.3701
-0.373
-0.1396
-0.3516
-0.4092
-0.292
-0.1299
-0.1328
0.1299
0.3867
0.2773
0.1533
0.0889
0.1064
0.0332
0.0391
0.166
0.082
-0.1523
-0.1123
-0.2451
-0.2881
-0.1582
-0.1738
0.0723
0.1787
0.0752
0.2051
0.2002
0.2744
0.3252
0.2705
0.1562
0.2129
0.4189
0.3652
0.2568
0.1445
-0.3447
-0.3252
-0.2627
-0.2842
-0.3037
-0.1943
-0.1465
-0.0391
-0.0049
0
0.1143
0.0771
0.0244
0.0518
0.2471
0.0117
0.0127
0.0752
0.002
-0.0781
-0.0322
-0.1611
-0.3457
-0.2217
-0.375
-0.4375
-0.123
-0.2305
0.0605
0.1963
0.292
0.3516
0.2383
0.2393
0.3164
0.2471
0.2266
0.249
0.1748
0.1328
0.1377
0.1074
0.0498
-0.3271
-0.2207
-0.1611
-0.209
-0.1641
0.002
0.0273
0.1475
0.1133
0.207
0.2295
0.0938
0.1465
0.2666
0.2871
-0.1787
-0.249
-0.3174
-0.2617
-0.2666
-0.4072
-0.0098
-0.2373
-0.3408
-0.3506
-0.2705
-0.2939
-0.1367
-0.0928
0.0049
0.0049
0.0107
0.0146
0.0166
0.0117
0.0215
0.0156
0.0117
0.0049
0.0029
0.0244
0.0234
0.0176
0.0137
0.0098
0.0195
0.0215
0.0117
0.0098
0.0107
0.0244
0.0195
0.0195
0.0254
0.0107
0.0186
0
0.0107
0.0156
0.0117
0.0098
0.0205
0.0117
0.0117
0.0146
0.0166
0.0176
0.0176
0.0059
0.0107
0.0117
0.0137
0.0166
0.0049
0.0078
0.0137
0.0176
0.0078
0.0156
0.0068
0.0088
0.0098
0.0078
0.0176
0.0068
0.0098
0.0215
0.0029
0
0.0156
0.0186
0.0049
0.0146
0.001
0.0205
0.0156
0.0234
0.0186
0.1387
-0.2012
-0.0195
0.0107
-0.084
0.0283
-0.0449
-0.0195
-0.0293
-0.0322
-0.0166
-0.0303
-0.0195
-0.0234
-0.0283
-0.0195
-0.0303
-0.0293
-0.0244
-0.0332
-0.0391
-0.0146
-0.0254
-0.0234
-0.0244
-0.0283
-0.0244
-0.0303
-0.0186
-0.0039
-0.0586
-0.0674
-0.0488
-0.0654
-0.0254
0.0098
-0.0889
0.0068
-0.0273
