0
528
1024
1546
2048
2551
3052
3554
4056
4559
5061
5563
6065
6567
7069
7574
8073
8575
9124
9581
10147
10604
11170
11627
12193
12650
13216
13673
14239
14697
15263
15720
16285
16744
17309
17772
18332
18790
19355
19813
20378
20836
21401
21860
22425
22884
23449
23907
24472
24931
25496
25955
26517
26978
27519
28002
28522
29024
29526
30029
30530
31032
31534
32037
32539
33041
33546
34048
34551
35052
35554
36056
36559
37079
37563
38128
38586
39151
39609
40174
40633
41198
41657
42222
42680
43245
43707
44269
44728
45294
45751
46317
46775
47341
47798
48364
48821
49387
49845
50411
50868
51434
51891
52457
52914
53480
53938
54497
54961
55503
55985
56498
57000
57503
58004
58506
59008
59511
60012
60514
61016
61519
62021
62523
63025
63527
64029
64531
65033
65535
66067
66539
67101
67558
68124
68582
69148
69605
70171
70629
71195
71652
72218
72675
73241
73699
74265
74722
75289
75746
76312
76769
77335
77792
78358
78815
79381
79838
80404
80861
81428
81884
82452
82908
83475
83931
84478
84954
85485
85977
86480
86982
87484
87986
88488
88991
89492
89994
90496
90999
91500
92002
92504
93007
93509
94011
94513
95015
95517
96052
96521
97055
97526
98093
98550
99117
99574
100141
100598
101165
101622
102189
102646
103213
103671
104238
104694
105263
105721
106289
106746
107314
107771
108339
108795
109363
109820
110388
110845
111413
111869
112437
112893
113460
113917
114460
114944
115469
115966
116469
116970
117472
117974
118477
118978
119480
119982
120485
120987
121489
121991
122493
122995
123497
123999
124501
125059
125515
126083
126539
127106
127562
128130
128586
129154
129613
130178
130634
131202
131658
132226
132682
133250
133706
134274
134730
135298
135754
136322
136779
137347
137804
138372
138829
139397
139853
140421
140877
141444
141900
142446
142924
143448
143949
144450
144952
145454
145957
146459
146961
147463
147965
148467
148969
149471
149973
150476
150977
151479
151981
152484
153042
153497
154066
154524
155090
155546
156115
156570
157139
157594
158163
158618
159187
159643
160212
160668
161237
161692
162261
162716
163286
163740
164310
164764
165334
165789
166360
166815
167383
167837
168407
168861
169452
169885
170455
170909
171462
171935
172459
172960
173466
173967
174469
174971
175473
176022
176478
177047
177502
178071
178526
179095
179549
180118
180572
181141
181596
182165
182620
183189
183643
184212
184667
185236
185691
186260
186714
187283
187737
188307
188761
189331
189785
190355
190809
191379
191834
192403
192857
193427
193882
194446
194905
195447
195929
196447
196949
197452
197953
198461
199032
199484
200055
200507
201078
201530
202101
202554
203125
203578
204149
204601
205171
205624
206194
206647
207217
207671
208241
208694
209264
209717
210287
210740
211310
211764
212334
212787
213357
213811
214381
214834
215404
215857
216427
216881
217435
217905
218434
218928
219438
219941
220442
221000
221453
222023
222477
223047
223501
224071
224524
225095
225548
226119
226572
227142
227595
228165
228619
229189
229642
230212
230665
231235
231688
232258
232711
233281
233734
234326
234757
235326
235779
236351
236803
237374
237827
238399
238852
239416
239876
240418
240900
241423
241937
242427
242980
243432
244004
244455
245027
245479
246051
246502
247074
247525
248097
248548
249120
249572
250144
250595
251167
251618
252189
252641
253212
253664
254235
254688
255259
255711
256282
256734
257305
257757
258328
258780
259351
259804
260375
260827
261398
261850
262398
262873
263407
263897
264404
264906
265409
265911
266413
266981
267433
268004
268456
269028
269480
270052
270504
271076
271529
272102
272554
273127
273578
274151
274603
275176
275627
276200
276652
277224
277676
278249
278700
279273
279724
280297
280748
281321
281772
282345
282796
283370
283821
284392
284846
285392
285870
286389
286891
287394
287895
288397
288910
289402
289972
290424
290997
291449
292022
292474
293047
293499
294072
294523
295097
295548
296121
296572
297145
297596
298170
298621
299279
299646
300219
300670
301243
301694
302267
302718
303291
303743
304316
304768
305341
305792
306364
306816
307372
307841
308373
308865
309375
309877
310378
310880
311382
311937
312388
312962
313412
313986
314436
315009
315461
316034
316485
317059
317509
318083
318533
319107
319557
320131
320581
321156
321606
322180
322630
323204
323654
324267
324678
325252
325702
326277
326727
327301
327751
328325
328776
329350
329800
330357
330826
331365
331850
332364
332864
333366
333887
334371
334945
335397
335971
336421
336996
337446
338020
338471
339027
339495
340069
340519
341093
341543
342118
342568
343142
343592
344166
344617
345192
345641
346215
346665
347239
347690
348264
348714
349288
349738
350312
350763
351337
351787
352344
352811
353345
353835
354351
354853
355355
355905
356359
356934
357383
357956
358405
358979
359429
360003
360453
361027
361476
362051
362500
363075
363524
364099
364548
365124
365573
366147
366596
367172
367621
368195
368644
369219
369668
370243
370692
371268
371717
372292
372741
373315
373764
374325
374789
375331
375813
376330
376832
377335
377836
378344
378918
379366
379922
380389
380964
381413
381989
382436
383012
383459
384034
384483
385058
385506
386081
386529
387104
387552
388127
388575
389149
389598
390173
390621
391196
391644
392219
392667
393241
393689
394265
394713
395289
395737
396305
396761
397311
397785
398314
398809
399320
399822
400324
400858
401328
401904
402352
402927
403375
403950
404398
404974
405422
406021
406447
407022
407470
408046
408494
409070
409518
410094
410542
411118
411566
412143
412591
413166
413614
414190
414638
415214
415662
416238
416687
417262
417710
418287
418735
419301
419758
420303
420782
421323
421807
422322
422897
423345
423920
424369
424944
425392
425967
426415
426992
427439
428015
428462
429039
429486
430063
430511
431088
431535
432133
432558
433135
433582
434159
434606
435183
435630
436207
436655
437231
437679
438255
438703
439279
439727
440304
440752
441312
441776
442311
442799
443315
443890
444339
444914
445363
445939
446387
446962
447410
447985
448433
449008
449455
450031
450478
451056
451503
452079
452526
453103
453550
454127
454575
455152
455599
456175
456622
457199
457646
458245
458671
459247
459694
460271
460718
461295
461742
462296
462766
463296
463863
464308
464886
465331
465909
466354
466931
467378
467955
468406
468979
469426
470003
470449
471026
471472
472049
472495
473072
473519
474096
474543
475120
475568
476144
476591
477168
477615
478192
478639
479217
479664
480240
480688
481264
481712
482288
482735
483292
483759
484292
484859
485305
485882
486328
486905
487351
487928
488374
488951
489397
489974
490420
490997
491443
492019
492466
493042
493489
494065
494516
495089
495536
496112
496559
497136
497583
498160
498606
499186
499632
500210
500655
501233
501678
502257
502703
503277
503727
504276
504750
505277
505852
506296
506875
507320
507899
508343
508922
509367
509946
510391
510969
511415
511993
512438
513017
513462
514040
514485
515063
515508
516087
516532
517110
517555
518134
518579
519157
519602
520179
520628
521202
521649
522226
522672
523249
523695
524259
524720
525263
525743
526262
526840
527285
527863
528308
528886
529331
529909
530354
530931
531378
531955
532401
532978
533424
534001
534447
535025
535471
536050
536496
537074
537519
538097
538544
539122
539568
540145
540590
541168
541614
542192
542639
543218
543663
544241
544687
545249
545712
546247
546785
547252
547832
548276
548855
549299
549879
550323
550903
551347
551926
552370
552950
553394
553973
554417
554995
555441
556019
556464
557042
557487
558066
558512
559090
559535
560114
560560
561139
561584
562162
562607
563186
563631
564211
564656
565234
565679
566237
566703
567240
567800
568244
568824
569268
569847
570291
570870
571314
571893
572337
572938
573361
573941
574385
574963
575408
575987
576432
577010
577455
578035
578480
579059
579504
580082
580527
581107
581551
582131
582575
583178
583600
584179
584623
585203
585647
586219
586671
587224
587695
588225
588797
589240
589820
590264
590845
591288
591868
592311
592892
593335
593916
594359
594939
595383
595963
596406
596987
597430
598010
598453
599033
599476
600056
600499
601080
601523
602103
602546
603126
603569
604150
604593
605174
605617
606197
606640
607208
607664
608209
608688
609237
609790
610233
610813
611256
611836
612280
612860
613303
613883
614326
614906
615349
615929
616372
616953
617396
617978
618420
619001
619443
620025
620467
621048
621490
622071
622513
623094
623536
624117
624559
625142
625584
626165
626607
627187
627631
628187
628655
629190
629679
630190
630771
631214
631795
632238
632819
633262
633843
634286
634869
635311
635894
636336
636917
637359
637941
638383
638965
639407
639990
640432
641014
641456
642038
642480
643062
643504
644085
644527
645109
645551
646133
646575
647157
647599
648181
648623
649183
649648
650184
650736
651210
651765
652207
652789
653231
653814
654255
654837
655279
655861
656303
656886
657327
657910
658351
658934
659376
659958
660399
660982
661423
662006
662447
663030
663472
664055
664496
665079
665520
666102
666543
667127
667568
668150
668591
669171
669616
670169
670639
671174
671745
672186
672768
673209
673791
674232
674815
675256
675838
676279
676862
677303
677885
678329
678908
679349
679931
680372
680955
681396
681978
682419
683001
683442
684044
684465
685047
685488
686071
686512
687094
687535
688118
688560
689142
689583
690160
690608
691163
691631
692162
692736
693176
693759
694199
694782
695222
695805
696245
696828
697268
697851
698291
698874
699314
699897
700337
700920
701360
701943
702383
702967
703407
703991
704431
705016
705459
706039
706479
707063
707503
708087
708527
709111
709551
710135
710576
711147
711600
712149
712624
713151
713728
714169
714752
715192
715775
716215
716798
717239
717823
718263
718847
719287
719870
720310
720893
721333
721917
722357
722940
723380
723963
724403
724986
725426
726010
726450
727033
727473
728056
728497
729080
729520
730103
730543
731126
731567
732126
732592
733127
733697
734136
734720
735159
735744
736183
736767
737206
737790
738229
738813
739252
739836
740275
740860
741299
741884
742323
742907
743346
743930
744369
744953
745392
745976
746415
747000
747442
748025
748464
749049
749488
750072
750511
751096
751535
752112
752559
753118
753583
754114
754690
755129
755714
756153
756737
757176
757761
758200
758785
759224
759808
760247
760831
761270
761855
762294
762878
763317
763901
764340
764924
765363
765947
766386
766970
767410
767994
768433
769017
769457
770041
770480
771064
771503
772089
772527
773095
773555
774096
774575
775095
775680
776118
776704
777142
777727
778165
778750
779188
779773
780211
780796
781234
781819
782257
782842
783280
783866
784304
784890
785328
785914
786352
786937
787375
787961
788399
788985
789423
790009
790447
791033
791471
792057
792495
793081
793519
794083
794544
795086
795567
796092
796674
797112
797697
798135
798720
799158
799743
800181
800766
801204
801789
802227
802813
803251
803836
804274
804859
805297
805882
806320
806905
807343
807930
808367
808954
809391
809978
810415
811002
811439
812026
812463
813051
813488
814075
814512
815081
815535
816076
816559
817087
817667
818104
818690
819127
819713
820150
820737
821174
821761
822198
822785
823222
823808
824245
824832
825269
825856
826293
826879
827316
827901
828338
828924
829361
829948
830385
830971
831408
831995
832435
833018
833455
834043
834480
835053
835503
836050
836527
837054
837635
838072
838659
839096
839682
840119
840705
841142
841729
842166
842752
843189
843776
844213
844799
845236
845823
846260
846847
847283
847870
848307
848894
849330
849917
850353
850939
851376
851963
852400
852987
853423
854059
854448
855036
855472
856051
856495
857055
857520
858069
858628
859064
859651
860087
860675
861111
861698
862134
862721
863157
863744
864180
864767
865203
865790
866226
866813
867249
867836
868272
868860
869296
869883
870319
870908
871344
871932
872368
872955
873391
873979
874415
875003
875439
876027
876463
877040
877487
878023
878512
879032
879618
880054
880642
881081
881665
882101
882689
883125
883713
884149
884737
885172
885760
886195
886783
887219
887808
888243
888830
889266
889855
890290
890878
891313
891901
892336
892924
893359
893948
894383
894972
895407
895996
896431
897020
897455
898017
898479
899012
899503
900025
900613
901048
901636
902071
902659
903094
903682
904117
904705
905140
905728
906163
906751
907186
907774
908209
908797
909232
909820
910255
910845
911280
911868
912303
912892
913327
913938
914351
914940
915375
915964
916399
916988
917423
918013
918448
919018
919471
920017
920513
921015
921602
922037
922626
923061
923650
924085
924673
925108
925697
926131
926721
927155
927745
928179
928768
929202
929791
930225
930815
931249
931838
932272
932861
933295
933886
934320
934909
935343
935933
936367
936958
937392
937982
938416
938990
939439
939992
940463
940996
941575
942009
942598
943032
943621
944055
944644
945078
945667
946101
946711
947124
947714
948147
948736
949170
949759
950193
950782
951216
951805
952239
952829
953263
953853
954287
954878
955312
955902
956336
956925
957359
957949
958383
958973
959407
959977
960431
960981
961455
961980
962569
963002
963592
964025
964616
965049
965640
966073
966664
967096
967686
968119
968710
969143
969733
970166
970775
971192
971799
972215
972822
973239
973868
974262
974870
975286
975893
976310
976917
977333
977940
978357
978964
979383
979966
980404
980970
981428
981972
982451
982978
983579
983995
984603
985019
985626
986042
986649
987065
987672
988088
988695
989111
989718
990135
990742
991158
991766
992182
992789
993206
993813
994229
994836
995252
995859
996276
996883
997300
997908
998323
998931
999346
999954
1000370
1000960
1001394
1001976
1002417
1002979
1003442
1003979
1004573
1004988
1005596
1006011
1006640
1007034
1007642
1008057
1008666
1009081
1009689
1010105
1010713
1011128
1011737
1012152
1012760
1013175
1013784
1014199
1014807
1015222
1015830
1016245
1016853
1017268
1017876
1018291
1018899
1019314
1019922
1020338
1020946
1021361
1021961
1022386
1022963
1023409
1023965
1024477
1024965
1025565
1025980
1026588
1027003
1027611
1028030
1028635
1029051
1029659
1030074
1030682
1031097
1031705
1032121
1032730
1033144
1033752
1034167
1034776
1035190
1035800
1036214
1036823
1037238
1037847
1038262
1038871
1039285
1039894
1040308
1040917
1041332
1041941
1042355
1042948
1043378
1043949
1044402
1044953
1045532
1045947
1046556
1046970
1047579
1047994
1048603
1049017
1049626
1050040
1050649
1051063
1051672
1052086
1052695
1053109
1053718
1054132
1054742
1055156
1055765
1056179
1056788
1057202
1057811
1058225
1058835
1059249
1059859
1060273
1060941
1061297
1061907
1062321
1062931
1063346
1063936
1064369
1064934
1065393
1065928
1066524
1066938
1067548
1067962
1068571
1068985
1069594
1070009
1070619
1071032
1071642
1072056
1072666
1073079
1073689
1074102
1074712
1075125
1075736
1076149
1076759
1077172
1077782
1078195
1078806
1079219
1079829
1080242
1080852
1081265
1081877
1082289
1082900
1083313
1083910
1084337
1084913
1085361
1085919
1086404
1086915
1087517
1087930
1088540
1088953
1089563
1089976
1090587
1090999
1091609
1092022
1092632
1093045
1093655
1094068
1094679
1095092
1095702
1096115
1096726
1097138
1097748
1098161
1098773
1099186
1099796
1100209
1100820
1101234
1101844
1102257
1102868
1103281
1103892
1104305
1104898
1105329
1105905
1106353
1106901
1107478
1107903
1108513
1108926
1109558
1109949
1110561
1110973
1111584
1111997
1112608
1113020
1113632
1114044
1114655
1115079
1115679
1116090
1116703
1117114
1117727
1118138
1118749
1119161
1119772
1120184
1120795
1121207
1121818
1122231
1122843
1123255
1123867
1124278
1124889
1125302
1125885
1126326
1126892
1127349
1127897
1128479
1128899
1129512
1129923
1130536
1130947
1131559
1131970
1132583
1132994
1133607
1134017
1134629
1135040
1135653
1136064
1136676
1137087
1137699
1138110
1138722
1139133
1139745
1140156
1140769
1141179
1141791
1142214
1142815
1143226
1143837
1144250
1144861
1145273
1145871
1146296
1146877
1147320
1147875
1148347
1148874
1149476
1149887
1150499
1150910
1151524
1151933
1152547
1152957
1153571
1153981
1154594
1155004
1155617
1156028
1156641
1157052
1157665
1158075
1158688
1159099
1159712
1160122
1160735
1161145
1161759
1162170
1162781
1163193
1163804
1164217
1164829
1165239
1165852
1166263
1166855
1167286
1167856
1168309
1168859
1169458
1169858
1170466
1170877
1171490
1171900
1172513
1172923
1173536
1173947
1174560
1174971
1175584
1175995
1176608
1177018
1177631
1178041
1178653
1179065
1179679
1180088
1180700
1181111
1181723
1182134
1182746
1183157
1183769
1184180
1184793
1185204
1185816
1186227
1186839
1187250
1187845
1188274
1188850
1189297
1189854
1190385
1190847
1191457
1191866
1192481
1192890
1193504
1193913
1194528
1194937
1195551
1195960
1196573
1196984
1197597
1198008
1198621
1199031
1199643
1200055
1200667
1201078
1201690
1202102
1202714
1203125
1203738
1204149
1204761
1205172
1205784
1206195
1206807
1207218
1207830
1208243
1208835
1209267
1209827
1210290
1210838
1211426
1211838
1212452
1212862
1213476
1213884
1214499
1214909
1215522
1215931
1216545
1216954
1217568
1217981
1218591
1219000
1219615
1220023
1220637
1221046
1221659
1222069
1222682
1223092
1223705
1224116
1224731
1225139
1225753
1226162
1226775
1227185
1227800
1228209
1228816
1229233
1229817
1230257
1230819
1231282
1231821
1232419
1232832
1233446
1233856
1234471
1234880
1235494
1235903
1236517
1236926
1237540
1237949
1238563
1238972
1239586
1239996
1240610
1241019
1241633
1242042
1242656
1243065
1243679
1244088
1244703
1245115
1245727
1246135
1246748
1247158
1247771
1248181
1248795
1249205
1249803
1250227
1250796
1251251
1251805
1252274
1252808
1253410
1253819
1254433
1254842
1255456
1255865
1256479
1256888
1257503
1257911
1258524
1258935
1259548
1259959
1260573
1260985
1261596
1262005
1262618
1263028
1263642
1264051
1264665
1265074
1265689
1266099
1266713
1267121
1267737
1268145
1268760
1269169
1269786
1270195
1270792
1271218
1271791
1272243
1272788
1273336
1273788
1274403
1274811
1275427
1275834
1276450
1276857
1277472
1277880
1278495
1278903
1279517
1279926
1280540
1280949
1281563
1281972
1282586
1282996
1283610
1284019
1284633
1285043
1285658
1286066
1286682
1287102
1287705
1288114
1288730
1289139
1289753
1290162
1290777
1291186
1291775
1292211
1292776
1293234
1293780
1294372
1294781
1295396
1295805
1296421
1296828
1297444
1297851
1298467
1298875
1299491
1299899
1300514
1300923
1301539
1301947
1302562
1302971
1303586
1303995
1304611
1305018
1305634
1306041
1306657
1307064
1307680
1308087
1308703
1309110
1309725
1310133
1310749
1311156
1311762
1312180
1312762
1313206
1313762
1314226
1314765
1315364
1315771
1316387
1316794
1317410
1317817
1318433
1318840
1319456
1319864
1320480
1320887
1321503
1321910
1322525
1322933
1323548
1323956
1324571
1324979
1325595
1326002
1326618
1327026
1327642
1328051
1328666
1329074
1329690
1330099
1330715
1331123
1331739
1332147
1332743
1333170
1333752
1334194
1334751
1335218
1335748
1336356
1336763
1337379
1337786
1338402
1338809
1339425
1339832
1340429
1340856
1341472
1341879
1342496
1342902
1343519
1343925
1344543
1344949
1345567
1345972
1346589
1346996
1347612
1348020
1348636
1349044
1349661
1350067
1350683
1351091
1351707
1352115
1352732
1353139
1353735
1354163
1354735
1355187
1355735
1356239
1356733
1357351
1357756
1358373
1358780
1359397
1359804
1360421
1360827
1361444
1361853
1362467
1362874
1363491
1363897
1364514
1364921
1365538
1365944
1366562
1366968
1367585
1367991
1368608
1369014
1369632
1370038
1370656
1371061
1371677
1372088
1372701
1373109
1373725
1374132
1374729
1375155
1375726
1376178
1376730
1377226
1377729
1378343
1378747
1379364
1379769
1380387
1380792
1381411
1381815
1382433
1382839
1383458
1383863
1384481
1384886
1385504
1385909
1386528
1386933
1387551
1387960
1388576
1388980
1389597
1390003
1390621
1391027
1391645
1392050
1392668
1393074
1393693
1394098
1394700
1395123
1395698
1396146
1396698
1397171
1397712
1398300
1398707
1399324
1399730
1400349
1400754
1401372
1401779
1402397
1402803
1403421
1403826
1404443
1404849
1405467
1405873
1406492
1406898
1407517
1407922
1408539
1408945
1409585
1409969
1410588
1410993
1411611
1412018
1412637
1413042
1413660
1414067
1414684
1415090
1415697
1416115
1416704
1417137
1417703
1418161
1418706
1419302
1419707
1420326
1420730
1421348
1421753
1422372
1422776
1423396
1423800
1424419
1424823
1425442
1425846
1426465
1426869
1427488
1427893
1428512
1428916
1429535
1429939
1430557
1430963
1431583
1431986
1432605
1433010
1433631
1434035
1434653
1435058
1435679
1436082
1436683
1437106
1437685
1438131
1438685
1439154
1439686
1440296
1440700
1441320
1441724
1442343
1442747
1443366
1443771
1444391
1444795
1445415
1445819
1446438
1446842
1447461
1447865
1448484
1448889
1449508
1449912
1450532
1450935
1451554
1451959
1452579
1452982
1453601
1454005
1454625
1455028
1455647
1456051
1456669
1457075
1457679
1458099
1458670
1459122
1459674
1460184
1460673
1461289
1461691
1462311
1462737
1463355
1463760
1464379
1464789
1465404
1465809
1466429
1466833
1467452
1467858
1468479
1468884
1469505
1469908
1470528
1470932
1471552
1471956
1472576
1472980
1473600
1474004
1474625
1475029
1475644
1476053
1476650
1477077
1477648
1478101
1478651
1479125
1479651
1480267
1480670
1481290
1481693
1482315
1482718
1483338
1483742
1484362
1484765
1485386
1485789
1486410
1486813
1487434
1487837
1488458
1488861
1489482
1489886
1490507
1490909
1491531
1491936
1492554
1492958
1493578
1493981
1494602
1495005
1495628
1496030
1496633
1497053
1497637
1498077
1498637
1499101
1499639
1500206
1500641
1501262
1501663
1502284
1502687
1503309
1503710
1504332
1504733
1505356
1505757
1506379
1506782
1507404
1507806
1508428
1508829
1509451
1509854
1510475
1510877
1511499
1511902
1512523
1512926
1513547
1513950
1514570
1514972
1515595
1515997
1516620
1517021
1517632
1518045
1518623
1519073
1519624
1520093
1520625
1521238
1521639
1522261
1522662
1523283
1523686
1524307
1524709
1525330
1525733
1526354
1526756
1527377
1527780
1528401
1528803
1529425
1529826
1530447
1530849
1531470
1531872
1532494
1532895
1533518
1533918
1534540
1534941
1535564
1535965
1536588
1536989
1537605
1538013
1538608
1539037
1539609
1540062
1540614
1541085
1541610
1542230
1542630
1543253
1543654
1544276
1544677
1545299
1545700
1546302
1546723
1547346
1547746
1548368
1548769
1549391
1549792
1550415
1550815
1551438
1551838
1552460
1552862
1553484
1553886
1554508
1554909
1555532
1555933
1556556
1556957
1557581
1557982
1558594
1559005
1559595
1560030
1560598
1561054
1561599
1562077
1562600
1563221
1563622
1564245
1564646
1565268
1565669
1566292
1566692
1567314
1567715
1568338
1568739
1569362
1569762
1570385
1570785
1571408
1571809
1572432
1572832
1573477
1573856
1574479
1574880
1575503
1575904
1576527
1576927
1577551
1577950
1578574
1578973
1579578
1579997
1580580
1581022
1581581
1582045
1582583
1583131
1583583
1584205
1584604
1585228
1585629
1586253
1586653
1587277
1587677
1588301
1588701
1589325
1589726
1590349
1590749
1591374
1591773
1592397
1592797
1593421
1593821
1594446
1594846
1595470
1595870
1596493
1596894
1597518
1597917
1598541
1598941
1599565
1599966
1600571
1600989
1601561
1602013
1602570
1603037
1603568
1604182
1604581
1605205
1605604
1606228
1606628
1607251
1607652
1608275
1608676
1609300
1609699
1610322
1610723
1611347
1611746
1612370
1612769
1613394
1613792
1614417
1614816
1615441
1615839
1616464
1616862
1617486
1617885
1618510
1618910
1619535
1619933
1620556
1620958
1621555
1621981
1622556
1623005
1623554
1624029
1624557
1625175
1625574
1626199
1626597
1627221
1627623
1628244
1628644
1629269
1629667
1630292
1630690
1631314
1631714
1632338
1632738
1633363
1633761
1634385
1634784
1635408
1635808
1636432
1636831
1637455
1637854
1638478
1638878
1639502
1639901
1640525
1640924
1641543
1641948
1642543
1642973
1643543
1643998
1644546
1645021
1645540
1646164
1646562
1647187
1647585
1648210
1648608
1649234
1649632
1650258
1650655
1651280
1651679
1652304
1652703
1653328
1653727
1654352
1654754
1655376
1655774
1656399
1656797
1657423
1657821
1658448
1658845
1659472
1659870
1660496
1660893
1661520
1661918
1662529
1662942
1663531
1663966
1664530
1664990
1665533
1666014
1666535
1667160
1667559
1668184
1668582
1669208
1669605
1670231
1670633
1671254
1671653
1672278
1672677
1673303
1673700
1674325
1674723
1675348
1675747
1676372
1676771
1677396
1677794
1678420
1678817
1679443
1679840
1680466
1680863
1681488
1681886
1682512
1682910
1683512
1683933
1684517
1684957
1685518
1685981
1686517
1687083
1687518
1688145
1688541
1689168
1689565
1690193
1690589
1691216
1691613
1692240
1692637
1693264
1693661
1694288
1694685
1695312
1695709
1696337
1696738
1697361
1697757
1698385
1698782
1699408
1699806
1700433
1700830
1701456
1701853
1702480
1702878
1703501
1703902
1704501
1704926
1705501
1705951
1706505
1706977
1707504
1708112
1708510
1709137
1709533
1710160
1710557
1711184
1711582
1712209
1712606
1713233
1713629
1714256
1714653
1715280
1715677
1716304
1716701
1717328
1717726
1718353
1718750
1719376
1719773
1720400
1720797
1721425
1721821
1722449
1722845
1723474
1723870
1724485
1724893
1725487
1725918
1726488
1726941
1727489
1727965
1728498
1729114
1729511
1730139
1730534
1731161
1731557
1732184
1732580
1733208
1733603
1734230
1734626
1735253
1735650
1736277
1736674
1737301
1737697
1738324
1738721
1739349
1739744
1740372
1740767
1741394
1741791
1742418
1742814
1743462
1743838
1744466
1744862
1745474
1745886
1746473
1746911
1747476
1747934
1748478
1748958
1749477
1750104
1750501
1751127
1751524
1752150
1752548
1753174
1753572
1754199
1754595
1755221
1755618
1756244
1756641
1757267
1757664
1758291
1758687
1759314
1759710
1760338
1760734
1761363
1761757
1762387
1762781
1763411
1763805
1764434
1764834
1765459
1765853
1766462
1766877
1767463
1767902
1768465
1768925
1769467
1770012
1770466
1771094
1771489
1772118
1772512
1773141
1773535
1774163
1774558
1775187
1775581
1776211
1776605
1777234
1777631
1778258
1778655
1779283
1779678
1780306
1780702
1781331
1781727
1782354
1782750
1783379
1783774
1784402
1784798
1785426
1785822
1786447
1786847
1787449
1787870
1788455
1788894
1789450
1789919
1790451
1791043
1791456
1792105
1792480
1793107
1793504
1794131
1794527
1795156
1795550
1796179
1796575
1797203
1797598
1798227
1798622
1799251
1799646
1800275
1800670
1801299
1801694
1802323
1802718
1803346
1803743
1804372
1804767
1805396
1805790
1806420
1806814
1807436
1807839
1808437
1808862
1809437
1809886
1810438
1810911
1811440
1812060
1812456
1813084
1813482
1814108
1814502
1815130
1815526
1816155
1816549
1817177
1817573
1818201
1818596
1819245
1819619
1820247
1820643
1821272
1821667
1822296
1822691
1823320
1823714
1824342
1824738
1825367
1825761
1826389
1826784
1827412
1827808
1828422
1828832
1829425
1829855
1830425
1830879
1831428
1831902
1832428
1833053
1833447
1834076
1834470
1835099
1835493
1836121
1836517
1837146
1837540
1838169
1838563
1839192
1839586
1840215
1840613
1841239
1841633
1842263
1842657
1843286
1843681
1844311
1844704
1845333
1845727
1846356
1846750
1847380
1847774
1848404
1848799
1849412
1849823
1850413
1850846
1851412
1851870
1852414
1852902
1853416
1854047
1854440
1855069
1855464
1856093
1856488
1857117
1857512
1858142
1858535
1859165
1859558
1860187
1860581
1861211
1861604
1862234
1862627
1863257
1863650
1864280
1864673
1865302
1865696
1866326
1866719
1867348
1867746
1868372
1868767
1869397
1869790
1870398
1870815
1871400
1871839
1872402
1872863
1873402
1873978
1874404
1875034
1875427
1876059
1876451
1877081
1877475
1878106
1878499
1879130
1879522
1880152
1880545
1881176
1881569
1882199
1882592
1883222
1883616
1884246
1884639
1885269
1885662
1886293
1886687
1887317
1887711
1888342
1888734
1889366
1889759
1890384
1890782
1891385
1891806
1892387
1892830
1893387
1893855
1894390
1895025
1895396
1896026
1896420
1897050
1897444
1898075
1898467
1899097
1899490
1900120
1900513
1901144
1901537
1902167
1902560
1903190
1903583
1904213
1904606
1905237
1905631
1906262
1906654
1907285
1907678
1908310
1908702
1909333
1909726
1910357
1910750
1911372
1911774
1912374
1912798
1913376
1913823
1914376
1914846
1915377
1916000
1916391
1917023
1917415
1918046
1918438
1919070
1919461
1920092
1920485
1921116
1921509
1922162
1922532
1923163
1923556
1924188
1924580
1925211
1925604
1926236
1926627
1927258
1927650
1928282
1928673
1929305
1929697
1930329
1930721
1931352
1931744
1932360
1932768
1933359
1933791
1934363
1934814
1935363
1935838
1936367
1936992
1937384
1938015
1938408
1939040
1939431
1940062
1940455
1941087
1941478
1942109
1942501
1943133
1943525
1944156
1944548
1945181
1945572
1946203
1946596
1947228
1947620
1948252
1948643
1949296
1949666
1950299
1950690
1951322
1951714
1952344
1952737
1953343
1953761
1954346
1954784
1955346
1955808
1956349
1956889
1957349
1957981
1958373
1959006
1959396
1960028
1960419
1961051
1961443
1962076
1962466
1963098
1963489
1964122
1964512
1965144
1965536
1966169
1966559
1967192
1967582
1968215
1968606
1969239
1969630
1970265
1970658
1971287
1971679
1972312
1972702
1973332
1973726
1974332
1974751
1975334
1975775
1976336
1976798
1977335
1977928
1978337
1978968
1979359
1979992
1980382
1981015
1981406
1982039
1982430
1983064
1983454
1984088
1984478
1985112
1985502
1986135
1986527
1987161
1987551
1988184
1988574
1989207
1989599
1990232
1990623
1991256
1991646
1992280
1992671
1993304
1993694
1994318
1994718
1995318
1995742
1996323
1996767
1997332
1997794
1998322
1998947
1999336
1999969
2000360
2000993
2001384
2002018
2002407
2003040
2003431
2004065
2004454
2005087
2005478
2006112
2006501
2007134
2007524
2008158
2008547
2009181
2009570
2010203
2010594
2011229
2011618
2012252
2012641
2013275
2013664
2014298
2014687
2015298
2015710
2016307
2016734
2017307
2017758
2018309
2018782
2019312
2019938
2020327
2020960
2021350
2021985
2022374
2023007
2023398
2024031
2024421
2025054
2025444
2026077
2026468
2027101
2027492
2028126
2028515
2029148
2029538
2030173
2030561
2031196
2031584
2032220
2032608
2033243
2033631
2034266
2034654
2035287
2035679
2036289
2036703
2037292
2037726
2038291
2038750
2039294
2039775
2040294
2040929
2041317
2041951
2042340
2042976
2043364
2043999
2044387
2045022
2045410
2046044
2046437
2047069
2047457
2048092
2048480
2049114
2049503
2050137
2050526
2051161
2051551
2052186
2052574
2053209
2053599
2054233
2054622
2055258
2055646
2056278
2056671
2057286
2057694
2058278
2058719
2059277
2059742
2060281
2060821
2061281
2061916
2062304
2062939
2063327
2063961
2064350
2064985
2065374
2066011
2066398
2067034
2067422
2068079
2068446
2069082
2069471
2070107
2070494
2071131
2071518
2072155
2072542
2073180
2073567
2074203
2074590
2075226
2075614
2076251
2076638
2077264
2077662
2078267
2078686
2079270
2079710
2080270
2080734
2081257
2081880
2082267
2082905
2083292
2083928
2084317
2084953
2085341
2085977
2086365
2087003
2087390
2088026
2088414
2089050
2089442
2090076
2090463
2091099
2091486
2092123
2092510
2093146
2093534
2094171
2094558
2095196
2095583
2096218
2096607
2097235
2097631
2098237
2098654
2099238
2099678
2100239
2100703
2101253
2101726
2102255
2102885
2103271
2103908
2104295
2104933
2105319
2105955
2106342
2106978
2107365
2108001
2108388
2109024
2109411
2110048
2110434
2111156
2111458
2112094
2112481
2113117
2113503
2114139
2114526
2115163
2115551
2116189
2116575
2117212
2117598
2118236
2118622
2119236
2119647
2120238
2120671
2121237
2121694
2122240
2122719
2123241
2123876
2124263
2124901
2125287
2125923
2126311
2126949
2127335
2127972
2128358
2128994
2129384
2130039
2130407
2131062
2131430
2132083
2132453
2133109
2133477
2134131
2134500
2135153
2135523
2136177
2136546
2137200
2137569
2138242
2138592
2139223
2139616
2140227
2140640
2141228
2141664
2142229
2142689
2143231
2143763
2144234
2144890
2145258
2145913
2146281
2146937
2147305
2147960
2148329
2148984
2149352
2150007
2150375
2151030
2151398
2152053
2152422
2153077
2153445
2154098
2154468
2155122
2155491
2156145
2156514
2157170
2157538
2158193
2158561
2159210
2159585
2160212
2160608
2161209
2161632
2162216
2162657
2163214
2163681
2164219
2164825
2165298
2165873
2166241
2166896
2167264
2167920
2168288
2168943
2169312
2169969
2170337
2170991
2171360
2172017
2172385
2173041
2173409
2174064
2174432
2175088
2175456
2176111
2176480
2177136
2177504
2178159
2178528
2179184
2179552
2180201
2180577
2181199
2181600
2182200
2182625
2183200
2183648
2184203
2184672
2185203
2185808
2186212
2186867
2187235
2187890
2188258
2188913
2189281
2189936
2190305
2190960
2191328
2191983
2192363
2193009
2193376
2194033
2194401
2195057
2195424
2196082
2196449
2197105
2197472
2198129
2198496
2199153
2199520
2200176
2200544
2201185
2201568
2202184
2202592
2203187
2203617
2204188
2204641
2205190
2205665
2206190
2206843
2207209
2207865
2208232
2208889
2209255
2209912
2210278
2210935
2211302
2211959
2212326
2212983
2213349
2214005
2214372
2215027
2215395
2216051
2216418
2217074
2217441
2218097
2218464
2219121
2219500
2220144
2220512
2221169
2221536
2222171
2222561
2223171
2223585
2224174
2224608
2225177
2225633
2226176
2226679
2227179
2227835
2228201
2228859
2229225
2229883
2230248
2230906
2231272
2231930
2232295
2232952
2233318
2233976
2234341
2234999
2235365
2236023
2236388
2237045
2237411
2238067
2238434
2239090
2239457
2240114
2240481
2241138
2241505
2242157
2242528
2243157
2243553
2244159
2244576
2245157
2245601
2246161
2246625
2247163
2247750
2248164
2248822
2249187
2249843
2250210
2250866
2251233
2251891
2252260
2252914
2253281
2253937
2254304
2254962
2255329
2255986
2256353
2257011
2257377
2258033
2258400
2259058
2259424
2260083
2260449
2261106
2261473
2262130
2262496
2263143
2263520
2264146
2264544
2265146
2265568
2266148
2266592
2267151
2267616
2268156
2268789
2269155
2269813
2270178
2270835
2271201
2271857
2272224
2272882
2273249
2273907
2274272
2274930
2275296
2275954
2276320
2276979
2277344
2278003
2278368
2279027
2279396
2280051
2280416
2281075
2281441
2282099
2282464
2283122
2283488
2284141
2284512
2285140
2285536
2286146
2286560
2287146
2287585
2288147
2288608
2289147
2289790
2290155
2290814
2291178
2291837
2292201
2292860
2293224
2293883
2294247
2294906
2295271
2295930
2296294
2296954
2297318
2297977
2298341
2298999
2299364
2300023
2300388
2301047
2301411
2302069
2302434
2303093
2303458
2304118
2304482
2305128
2305505
2306131
2306528
2307132
2307552
2308135
2308577
2309131
2309600
2310135
2310782
2311145
2311804
2312171
2312828
2313191
2313850
2314214
2314874
2315238
2315899
2316262
2316922
2317285
2317945
2318309
2318969
2319332
2319992
2320355
2321015
2321378
2322038
2322401
2323061
2323424
2324083
2324448
2325109
2325472
2326118
2326496
2327118
2327520
2328123
2328544
2329117
2329568
2330124
2330609
2331123
2331774
2332137
2332797
2333160
2333802
2334184
2334843
2335207
2335867
2336230
2336890
2337254
2337914
2338277
2338937
2339300
2339960
2340324
2340984
2341348
2342007
2342371
2343030
2343394
2344055
2344418
2345079
2345442
2346103
2346466
2347104
2347489
2348106
2348512
2349106
2349536
2350107
2350561
2351110
2351663
2352112
2352768
2353130
2353792
2354154
2354815
2355177
2355838
2356200
2356861
2357224
2357885
2358248
2358909
2359271
2359932
2360294
2360976
2361317
2361978
2362340
2363001
2363364
2364025
2364387
2365049
2365411
2366072
2366438
2367089
2367458
2368091
2368481
2369091
2369505
2370094
2370528
2371094
2371553
2372097
2372735
2373097
2373757
2374120
2374782
2375144
2375805
2376167
2376828
2377191
2377852
2378214
2378875
2379237
2379899
2380261
2380922
2381285
2381946
2382308
2382969
2383331
2383993
2384354
2385016
2385378
2386040
2386402
2387064
2387426
2388080
2388450
2389078
2389473
2390080
2390497
2391079
2391520
2392086
2392544
2393086
2393750
2394091
2394753
2395114
2395775
2396137
2396799
2397160
2397823
2398184
2398846
2399207
2399869
2400230
2400892
2401253
2401915
2402277
2402939
2403300
2403962
2404324
2404986
2405348
2406010
2406371
2407032
2407394
2408049
2408417
2409052
2409440
2410053
2410464
2411053
2411488
2412057
2412512
2413058
2413536
2414058
2414720
2415082
2415744
2416105
2416767
2417128
2417790
2418151
2418813
2419175
2419837
2420198
2420881
2421222
2421883
2422245
2422907
2423268
2423930
2424291
2424953
2425315
2425977
2426338
2426999
2427361
2428024
2428385
2429026
2429408
2430029
2430432
2431027
2431456
2432029
2432481
2433032
2433505
2434031
2434627
2435032
2435694
2436055
2436718
2437079
2437742
2438104
2438767
2439128
2439791
2440153
2440816
2441177
2441840
2442201
2442864
2443225
2443888
2444249
2444912
2445273
2445936
2446298
2446962
2447323
2448008
2448348
2449011
2449373
2450013
2450397
2451012
2451422
2452013
2452446
2453016
2453482
2454016
2454494
2455017
2455651
2456022
2456684
2457046
2457710
2458071
2458733
2459095
2459759
2460120
2460783
2461145
2461807
2462168
2462832
2463193
2463858
2464218
2464882
2465243
2465907
2466268
2466931
2467292
2467955
2468317
2468981
2469342
2469999
2470367
2471000
2471392
2472003
2472417
2472999
2473441
2474006
2474465
2475006
2475488
2476009
2476600
2477017
2477680
2478040
2478703
2479064
2479728
2480089
2480754
2481114
2481778
2482138
2482802
2483162
2483827
2484187
2484851
2485211
2485875
2486236
2486901
2487260
2487925
2488284
2488949
2489308
2489973
2490332
2490987
2491357
2491988
2492381
2492989
2493405
2493992
2494429
2494990
2495453
2495991
2496477
2496994
2497657
2498016
2498681
2499040
2499705
2500064
2500731
2501090
2501754
2502113
2502778
2503137
2503801
2504161
2504826
2505185
2505851
2506210
2506874
2507233
2507919
2508258
2508923
2509282
2509946
2510306
2510970
2511329
2511974
2512353
2512972
2513377
2513976
2514402
2514977
2515425
2515978
2516449
2516979
2517529
2517982
2518648
2519007
2519672
2520032
2520696
2521056
2521721
2522081
2522746
2523105
2523769
2524128
2524794
2525152
2525818
2526176
2526842
2527202
2527865
2528224
2528889
2529248
2529914
2530273
2530938
2531296
2531959
2532320
2532960
2533344
2533964
2534369
2534962
2535392
2535968
2536416
2536975
2537441
2537967
2538566
2538970
2539635
2539994
2540682
2541018
2541683
2542042
2542707
2543066
2543733
2544091
2544757
2545115
2545782
2546140
2546806
2547165
2547831
2548189
2548855
2549214
2549880
2550239
2550906
2551264
2551930
2552288
2552944
2553313
2553948
2554336
2554949
2555360
2555950
2556384
2556952
2557409
2557955
2558434
2558954
2559594
2559959
2560624
2560984
2561649
2562008
2562673
2563032
2563697
2564056
2564722
2565081
2565746
2566105
2566770
2567129
2567794
2568154
2568819
2569179
2569845
2570203
2570869
2571227
2571893
2572251
2572918
2573278
2573933
2574300
2574933
2575324
2575934
2576348
2576937
2577373
2577938
2578397
2578938
2579422
2579940
2580605
2580963
2581629
2581986
2582652
2583010
2583676
2584033
2584700
2585058
2585725
2586082
2586748
2587105
2587771
2588129
2588796
2589153
2589820
2590177
2590844
2591201
2591868
2592226
2592892
2593250
2593916
2594273
2594920
2595297
2595924
2596321
2596930
2597346
2597924
2598369
2598923
2599394
2599926
2600486
2600927
2601595
2601952
2602619
2602976
2603643
2604000
2604667
2605024
2605691
2606048
2606715
2607073
2607740
2608098
2608764
2609121
2609789
2610146
2610813
2611170
2611837
2612194
2612860
2613217
2613884
2614241
2614906
2615265
2615909
2616289
2616909
2617313
2617911
2618338
2618911
2619361
2619915
2620385
2620914
2621496
2621916
2622583
2622939
2623607
2623963
2624631
2624987
2625655
2626011
2626679
2627035
2627703
2628059
2628726
2629082
2629750
2630107
2630775
2631131
2631799
2632155
2632823
2633183
2633848
2634204
2634872
2635228
2635895
2636253
2636895
2637277
2637896
2638301
2638896
2639325
2639898
2640350
2640898
2641374
2641901
2642547
2642905
2643573
2643930
2644598
2644954
2645622
2645978
2646647
2647003
2647671
2648027
2648695
2649051
2649719
2650075
2650743
2651099
2651767
2652123
2652791
2653148
2653818
2654173
2654843
2655198
2655866
2656222
2656888
2657246
2657882
2658270
2658881
2659295
2659882
2660318
2660883
2661344
2661886
2662368
2662886
2663538
2663895
2664563
2664920
2665589
2665947
2666613
2666968
2667637
2667992
2668659
2669016
2669685
2670040
2670709
2671064
2671734
2672089
2672758
2673113
2673782
2674137
2674806
2675161
2675830
2676185
2676854
2677209
2677869
2678233
2678870
2679257
2679871
2680282
2680871
2681306
2681872
2682331
2682873
2683355
2683875
2684529
2684886
2685553
2685911
2686579
2686936
2687605
2687960
2688629
2688984
2689653
2690008
2690678
2691032
2691702
2692056
2692727
2693084
2693751
2694105
2694775
2695129
2695799
2696154
2696825
2697179
2697848
2698203
2698854
2699228
2699858
2700253
2700858
2701277
2701858
2702301
2702858
2703325
2703863
2704375
2704861
2705512
2705871
2706539
2706895
2707564
2707920
2708588
2708944
2709611
2709968
2710636
2710993
2711661
2712017
2712685
2713041
2713709
2714065
2714733
2715089
2715757
2716113
2716781
2717138
2717806
2718163
2718831
2719187
2719841
2720214
2720842
2721235
2721843
2722259
2722842
2723283
2723845
2724307
2724844
2725331
2725847
2726517
2726872
2727544
2727897
2728568
2728921
2729592
2729946
2730616
2730970
2731641
2731995
2732665
2733019
2733690
2734043
2734713
2735067
2735738
2736091
2736762
2737115
2737786
2738139
2738810
2739163
2739827
2740187
2740827
2741212
2741831
2742236
2742831
2743260
2743832
2744284
2744833
2745309
2745835
2746426
2746840
2747532
2747864
2748535
2748889
2749560
2749914
2750586
2750939
2751610
2751963
2752634
2752987
2753658
2754011
2754682
2755036
2755707
2756061
2756733
2757086
2757758
2758111
2758782
2759135
2759806
2760159
2760814
2761184
2761817
2762208
2762817
2763233
2763819
2764258
2764820
2765282
2765822
2766305
2766825
2767495
2767848
2768518
2768874
2769541
2769894
2770565
2770918
2771590
2771942
2772613
2772965
2773636
2773988
2774659
2775011
2775682
2776035
2776706
2777059
2777730
2778082
2778754
2779108
2779777
2780130
2780800
2781153
2781802
2782177
2782804
2783201
2783803
2784225
2784804
2785250
2785807
2786273
2786811
2787298
2787811
2788482
2788835
2789506
2789858
2790529
2790881
2791553
2791905
2792578
2792930
2793602
2793954
2794625
2794977
2795650
2796002
2796673
2797025
2797697
2798049
2798721
2799074
2799745
2800098
2800769
2801121
2801793
2802145
2802796
2803169
2803786
2804193
2804786
2805217
2805787
2806241
2806790
2807266
2807804
2808310
2808802
2809474
2809825
2810498
2810850
2811522
2811873
2812546
2812897
2813570
2813922
2814595
2814946
2815618
2815969
2816642
2816993
2817666
2818017
2818690
2819041
2819714
2820065
2820738
2821090
2821762
2822113
2822769
2823137
2823777
2824161
2824769
2825185
2825791
2826209
2826786
2827233
2827780
2828258
2828785
2829369
2829789
2830462
2830813
2831487
2831838
2832511
2832863
2833536
2833887
2834560
2834912
2835586
2835940
2836610
2836961
2837634
2837985
2838658
2839010
2839682
2840033
2840706
2841057
2841730
2842082
2842754
2843105
2843766
2844129
2844765
2845154
2845774
2846177
2846769
2847202
2847772
2848225
2848773
2849249
2849770
2850410
2850774
2851448
2851800
2852474
2852824
2853498
2853848
2854522
2854872
2855546
2855896
2856570
2856920
2857594
2857945
2858619
2858969
2859643
2859993
2860667
2861018
2861692
2862042
2862716
2863066
2863741
2864091
2864753
2865115
2865755
2866139
2866759
2867164
2867761
2868188
2868759
2869213
2869759
2870237
2870755
2871404
2871759
2872454
2872783
2873455
2873807
2874479
2874831
2875504
2875855
2876527
2876879
2877552
2877904
2878576
2878928
2879601
2879952
2880625
2880976
2881650
2882001
2882674
2883025
2883697
2884049
2884722
2885074
2885738
2886099
2886740
2887124
2887743
2888148
2888744
2889172
2889744
2890196
2890746
2891220
2891748
2892377
2892752
2893424
2893775
2894448
2894799
2895472
2895824
2896497
2896848
2897522
2897872
2898630
2898897
2899570
2899922
2900595
2900946
2901619
2901971
2902645
2902995
2903669
2904019
2904693
2905043
2905717
2906067
2906719
2907092
2907718
2908116
2908721
2909140
2909725
2910164
2910724
2911188
2911725
2912212
2912727
2913332
2913730
2914404
2914753
2915428
2915777
2916452
2916800
2917474
2917823
2918498
2918846
2919520
2919869
2920543
2920892
2921566
2921915
2922590
2922938
2923612
2923961
2924657
2924984
2925659
2926007
2926682
2927030
2927707
2928055
2928711
2929078
2929712
2930102
2930713
2931126
2931716
2932151
2932716
2933175
2933719
2934198
2934728
2935359
2935721
2936396
2936745
2937420
2937769
2938444
2938794
2939469
2939818
2940494
2940843
2941519
2941869
2942545
2942894
2943570
2943919
2944596
2944943
2945620
2945967
2946643
2946991
2947667
2948015
2948691
2949039
2949698
2950063
2950695
2951087
2951695
2952111
2952695
2953136
2953694
2954160
2954703
2955184
2955700
2956289
2956705
2957378
2957727
2958402
2958749
2959425
2959773
2960448
2960800
2961472
2961820
2962496
2962844
2963520
2963867
2964543
2964891
2965568
2965915
2966592
2966939
2967615
2967962
2968638
2968986
2969663
2970010
2970677
2971033
2971672
2972056
2972680
2973080
2973688
2974103
2974692
2975127
2975693
2976151
2976686
2977174
2977697
2978372
2978720
2979394
2979741
2980417
2980765
2981442
2981789
2982465
2982812
2983489
2983836
2984513
2984860
2985536
2985883
2986559
2986906
2987582
2987929
2988605
2988952
2989628
2989975
2990651
2990998
2991670
2992021
2992662
2993045
2993673
2994069
2994674
2995093
2995679
2996116
2996679
2997139
2997680
2998162
2998681
2999357
2999703
3000380
3000726
3001403
3001750
3002427
3002773
3003450
3003796
3004473
3004819
3005496
3005842
3006519
3006865
3007542
3007888
3008565
3008912
3009588
3009935
3010611
3010958
3011634
3011981
3012659
3013006
3013658
3014029
3014658
3015053
3015664
3016078
3016667
3017101
3017661
3018125
3018664
3019150
3019669
3020343
3020689
3021366
3021712
3022390
3022736
3023414
3023760
3024437
3024783
3025460
3025806
3026483
3026830
3027508
3027854
3028531
3028877
3029554
3029901
3030578
3030925
3031602
3031948
3032626
3032972
3033648
3033995
3034644
3035019
3035649
3036043
3036647
3037068
3037651
3038092
3038643
3039116
3039655
3040220
3040650
3041281
3041659
3042337
3042682
3043360
3043706
3044384
3044731
3045408
3045755
3046432
3046782
3047457
3047804
3048481
3048828
3049505
3049852
3050529
3050876
3051554
3051901
3052578
3052925
3053602
3053950
3054628
3054974
3055635
3055998
3056633
3057022
3057635
3058046
3058637
3059071
3059638
3060096
3060640
3061120
3061641
3062319
3062665
3063343
3063689
3064367
3064713
3065391
3065738
3066416
3066763
3067441
3067787
3068465
3068811
3069489
3069836
3070514
3070860
3071539
3071883
3072562
3072907
3073587
3073935
3074611
3074955
3075619
3075979
3076625
3077003
3077621
3078027
3078620
3079052
3079623
3080077
3080621
3081101
3081624
3082283
3082628
3083307
3083653
3084332
3084678
3085357
3085702
3086381
3086727
3087406
3087752
3088431
3088776
3089455
3089801
3090481
3090826
3091505
3091850
3092529
3092874
3093553
3093898
3094577
3094922
3095604
3095946
3096601
3096971
3097605
3097996
3098598
3099020
3099605
3100044
3100607
3101069
3101614
3102093
3102610
3103235
3103615
3104293
3104639
3105317
3105663
3106341
3106687
3107365
3107711
3108390
3108736
3109415
3109761
3110440
3110785
3111464
3111810
3112489
3112835
3113516
3113860
3114540
3114884
3115564
3115909
3116590
3116933
3117591
3117958
3118591
3118982
3119594
3120006
3120593
3121030
3121594
3122055
3122599
3123080
3123598
3124265
3124610
3125290
3125635
3126316
3126660
3127340
3127684
3128364
3128708
3129388
3129732
3130412
3130757
3131438
3131781
3132461
3132805
3133485
3133830
3134510
3134855
3135535
3135879
3136560
3136903
3137577
3137927
3138577
3138952
3139580
3139977
3140580
3141002
3141582
3142026
3142584
3143050
3143578
3144144
3144584
3145265
3145609
3146289
3146633
3147313
3147657
3148337
3148681
3149361
3149708
3150385
3150730
3151411
3151755
3152436
3152780
3153461
3153805
3154486
3154830
3155510
3155853
3156534
3156877
3157558
3157901
3158565
3158926
3159561
3159949
3160555
3160973
3161564
3161997
3162564
3163022
3163566
3164045
3164560
3165127
3165573
3166254
3166598
3167279
3167622
3168303
3168646
3169327
3169670
3170352
3170694
3171356
3171718
3172399
3172743
3173425
3173767
3174448
3174791
3175472
3175815
3176496
3176842
3177520
3177863
3178543
3178887
3179552
3179912
3180554
3180937
3181555
3181962
3182549
3182987
3183553
3184011
3184549
3185035
3185548
3186166
3186554
3187209
3187557
3188238
3188580
3189261
3189604
3190286
3190627
3191308
3191650
3192333
3192675
3193357
3193699
3194380
3194722
3195404
3195747
3196428
3196770
3197453
3197795
3198498
3198819
3199500
3199842
3200524
3200866
3201527
3201890
3202528
3202914
3203533
3203938
3204531
3204962
3205532
3205986
3206531
3207010
3207533
3208148
3208537
3209195
3209541
3210222
3210565
3211246
3211588
3212270
3212612
3213293
3213635
3214316
3214658
3215339
3215682
3216364
3216705
3217386
3217728
3218409
3218752
3219433
3219779
3220457
3220800
3221481
3221823
3222504
3222846
3223516
3223870
3224514
3224894
3225515
3225918
3226524
3226941
3227525
3227964
3228520
3228987
3229527
3230010
3230523
3231178
3231528
3232210
3232553
3233235
3233577
3234259
3234601
3235284
3235625
3236307
3236649
3237332
3237673
3238355
3238697
3239379
3239721
3240403
3240745
3241449
3241769
3242451
3242793
3243476
3243818
3244493
3244843
3245503
3245867
3246509
3246894
3247500
3247916
3248507
3248941
3249505
3249966
3250511
3250990
3251509
3252181
3252523
3253205
3253547
3254229
3254571
3255254
3255596
3256279
3256621
3257304
3257646
3258329
3258670
3259354
3259694
3260377
3260718
3261401
3261742
3262426
3262767
3263450
3263791
3264475
3264815
3265495
3265840
3266490
3266864
3267491
3267888
3268493
3268913
3269495
3269937
3270492
3270962
3271490
3271995
3272495
3273127
3273499
3274169
3274508
3275193
3275532
3276216
3276557
3277242
3277581
3278265
3278605
3279290
3279630
3280313
3280653
3281337
3281677
3282361
3282702
3283386
3283725
3284409
3284750
3285434
3285773
3286457
3286797
3287474
3287824
3288476
3288847
3289478
3289871
3290478
3290896
3291483
3291919
3292484
3292943
3293483
3293968
3294487
3295133
3295493
3296196
3296518
3297219
3297542
3298245
3298567
3299269
3299591
3300292
3300616
3301318
3301640
3302342
3302664
3303366
3303688
3304389
3304713
3305414
3305738
3306439
3306763
3307464
3307787
3308468
3308811
3309472
3309835
3310473
3310860
3311472
3311884
3312475
3312909
3313478
3313933
3314482
3314957
3315482
3316100
3316490
3317191
3317513
3318216
3318537
3319239
3319562
3320264
3320589
3321291
3321611
3322315
3322635
3323338
3323659
3324362
3324683
3325387
3325707
3326410
3326732
3327437
3327757
3328453
3328781
3329459
3329806
3330454
3330830
3331460
3331854
3332450
3332878
3333457
3333902
3334457
3334926
3335461
3335983
3336465
3337167
3337487
3338190
3338512
3339215
3339535
3340240
3340560
3341262
3341584
3342287
3342607
3343311
3343631
3344334
3344655
3345358
3345680
3346383
3346706
3347407
3347727
3348430
3348751
3349442
3349776
3350437
3350799
3351436
3351823
3352443
3352848
3353446
3353871
3354445
3354895
3355453
3355920
3356456
3357038
3357455
3358159
3358479
3359183
3359504
3360209
3360528
3361233
3361552
3362256
3362575
3363281
3363600
3364303
3364624
3365328
3365647
3366351
3366671
3367376
3367695
3368399
3368719
3369423
3369743
3370430
3370768
3371435
3371791
3372435
3372815
3373438
3373840
3374436
3374863
3375432
3375887
3376448
3376912
3377444
3378082
3378445
3379149
3379470
3380174
3380494
3381198
3381518
3382223
3382543
3383268
3383567
3384271
3384591
3385295
3385616
3386320
3386639
3387344
3387663
3388368
3388687
3389392
3389711
3390417
3390735
3391417
3391759
3392425
3392783
3393426
3393807
3394427
3394831
3395428
3395855
3396430
3396879
3397428
3397903
3398427
3399130
3399450
3400154
3400473
3401177
3401496
3402200
3402519
3403223
3403542
3404247
3404566
3405271
3405589
3406294
3406612
3407316
3407636
3408340
3408659
3409385
3409683
3410387
3410706
3411405
3411729
3412407
3412752
3413413
3413775
3414410
3414799
3415414
3415823
3416414
3416848
3417413
3417871
3418415
3418899
3419415
3420118
3420437
3421142
3421460
3422165
3422483
3423187
3423506
3424212
3424530
3425256
3425553
3426259
3426577
3427281
3427601
3428305
3428624
3429329
3429647
3430353
3430671
3431377
3431695
3432392
3432719
3433396
3433743
3434395
3434768
3435393
3435791
3436406
3436815
3437399
3437840
3438397
3438863
3439404
3439942
3440401
3441106
3441425
3442130
3442449
3443154
3443472
3444177
3444495
3445203
3445520
3446225
3446543
3447250
3447567
3448273
3448591
3449297
3449615
3450321
3450639
3451345
3451664
3452380
3452688
3453378
3453711
3454378
3454736
3455383
3455760
3456385
3456783
3457388
3457808
3458384
3458832
3459386
3459856
3460386
3460939
3461391
3462096
3462414
3463120
3463439
3464146
3464463
3465170
3465487
3466193
3466511
3467219
3467536
3468241
3468559
3469265
3469583
3470291
3470607
3471315
3471631
3472338
3472655
3473363
3473683
3474365
3474703
3475369
3475727
3476371
3476751
3477372
3477776
3478373
3478800
3479373
3479823
3480374
3480847
3481376
3482055
3482377
3483085
3483401
3484108
3484425
3485132
3485450
3486158
3486474
3487181
3487498
3488205
3488522
3489230
3489546
3490253
3490570
3491278
3491594
3492302
3492618
3493325
3493642
3494350
3494666
3495353
3495690
3496359
3496715
3497354
3497739
3498355
3498764
3499359
3499788
3500360
3500815
3501359
3501836
3502355
3502993
3503365
3504074
3504390
3505098
3505414
3506124
3506439
3507148
3507463
3508171
3508487
3509196
3509512
3510221
3510536
3511245
3511560
3512268
3512584
3513293
3513608
3514317
3514632
3515336
3515656
3516339
3516681
3517339
3517706
3518340
3518729
3519341
3519753
3520341
3520778
3521346
3521802
3522344
3522840
3523339
3524013
3524349
3525055
3525372
3526078
3526397
3527103
3527421
3528150
3528446
3529152
3529470
3530178
3530495
3531201
3531520
3532227
3532544
3533250
3533568
3534274
3534592
3535298
3535616
3536322
3536640
3537328
3537664
3538329
3538688
3539328
3539712
3540328
3540736
3541329
3541760
3542331
3542784
3543336
3543808
3544335
3544986
3545341
3546047
3546365
3547073
3547389
3548096
3548413
3549120
3549438
3550144
3550462
3551171
3551487
3552194
3552512
3553219
3553536
3554244
3554560
3555290
3555585
3556294
3556610
3557310
3557635
3558303
3558659
3559310
3559683
3560313
3560707
3561318
3561732
3562315
3562758
3563317
3563782
3564311
3564885
3565317
3566015
3566331
3567038
3567355
3568063
3568379
3569087
3569403
3570110
3570427
3571134
3571451
3572158
3572475
3573182
3573499
3574206
3574523
3575231
3575547
3576254
3576574
3577278
3577595
3578296
3578619
3579298
3579644
3580299
3580668
3581302
3581692
3582302
3582716
3583303
3583740
3584293
3584764
3585294
3585788
3586297
3586860
3587302
3588002
3588315
3589025
3589339
3590050
3590363
3591074
3591387
3592097
3592411
3593121
3593436
3594147
3594460
3595171
3595485
3596194
3596508
3597219
3597533
3598244
3598557
3599267
3599581
3600287
3600606
3601286
3601630
3602285
3602654
3603289
3603679
3604288
3604704
3605280
3605728
3606291
3606752
3607291
3607820
3608291
3609002
3609315
3610025
3610339
3611050
3611363
3612074
3612387
3613098
3613411
3614121
3614435
3615145
3615459
3616170
3616483
3617193
3617507
3618217
3618532
3619243
3619556
3620256
3620580
3621268
3621604
3622270
3622628
3623270
3623652
3624271
3624678
3625273
3625702
3626277
3626725
3627277
3627750
3628281
3628871
3629282
3629994
3630306
3631017
3631330
3632041
3632354
3633067
3633379
3634091
3634403
3635114
3635427
3636139
3636451
3637162
3637475
3638187
3638499
3639211
3639523
3640235
3640547
3641254
3641571
3642254
3642596
3643258
3643620
3644257
3644644
3645256
3645668
3646261
3646692
3647266
3647716
3648262
3648741
3649263
3649969
3650281
3650992
3651304
3652014
3652327
3653038
3653351
3654061
3654374
3655085
3655397
3656108
3656420
3657132
3657444
3658156
3658468
3659181
3659492
3660205
3660518
3661230
3661542
3662241
3662566
3663244
3663590
3664242
3664613
3665243
3665637
3666245
3666661
3667247
3667686
3668251
3668710
3669253
3669734
3670252
3670960
3671272
3671982
3672295
3673006
3673318
3674028
3674341
3675053
3675365
3676077
3676390
3677186
3677413
3678124
3678437
3679148
3679461
3680172
3680483
3681196
3681509
3682221
3682532
3683228
3683556
3684229
3684581
3685230
3685604
3686231
3686628
3687233
3687652
3688234
3688677
3689236
3689701
3690238
3690752
3691238
3691949
3692260
3692972
3693284
3693997
3694308
3695021
3695332
3696045
3696357
3697070
3697381
3698092
3698407
3699117
3699429
3700142
3700453
3701166
3701477
3702190
3702501
3703213
3703525
3704212
3704549
3705215
3705573
3706218
3706597
3707223
3707621
3708219
3708646
3709223
3709669
3710223
3710693
3711223
3711845
3712226
3712940
3713251
3713963
3714275
3714988
3715299
3716011
3716323
3717036
3717347
3718060
3718372
3719084
3719396
3720130
3720420
3721133
3721444
3722158
3722469
3723182
3723493
3724198
3724517
3725203
3725541
3726204
3726565
3727204
3727589
3728207
3728614
3729207
3729638
3730210
3730662
3731211
3731686
3732210
3732899
3733216
3733930
3734241
3734954
3735266
3735979
3736291
3737004
3737315
3738028
3738340
3739053
3739364
3740079
3740389
3741102
3741414
3742126
3742437
3743150
3743461
3744176
3744486
3745188
3745509
3746185
3746533
3747194
3747558
3748194
3748581
3749196
3749605
3750195
3750629
3751195
3751653
3752202
3752677
3753201
3753913
3754223
3754937
3755247
3755960
3756271
3756984
3757294
3758007
3758317
3759031
3759341
3760055
3760365
3761077
3761388
3762100
3762411
3763124
3763434
3764146
3764458
3765172
3765482
3766178
3766506
3767181
3767530
3768179
3768553
3769183
3769576
3770179
3770600
3771182
3771623
3772182
3772646
3773181
3773687
3774189
3774899
3775208
3775920
3776231
3776945
3777255
3777968
3778278
3778992
3779301
3780036
3780325
3781040
3781349
3782063
3782373
3783089
3783398
3784112
3784421
3785135
3785445
3786161
3786470
3787163
3787493
3788166
3788517
3789164
3789541
3790166
3790565
3791170
3791589
3792171
3792613
3793171
3793638
3794172
3794720
3795176
3795865
3796185
3796899
3797210
3797925
3798235
3798950
3799260
3799976
3800285
3800999
3801312
3802024
3802333
3803047
3803357
3804072
3804381
3805095
3805405
3806120
3806429
3807144
3807453
3808149
3808478
3809153
3809503
3810150
3810528
3811155
3811553
3812156
3812577
3813161
3813601
3814159
3814625
3815159
3815730
3816157
3816860
3817170
3817884
3818194
3818908
3819219
3819933
3820243
3820957
3821267
3821981
3822292
3822988
3823316
3824031
3824340
3825055
3825364
3826077
3826388
3827103
3827413
3828127
3828437
3829136
3829461
3830136
3830485
3831134
3831510
3832138
3832535
3833144
3833560
3834145
3834584
3835141
3835608
3836144
3836657
3837148
3837863
3838172
3838888
3839196
3839912
3840220
3840937
3841245
3841961
3842270
3842985
3843294
3844010
3844318
3845034
3845342
3846058
3846366
3847083
3847391
3848107
3848415
3849122
3849439
3850127
3850464
3851125
3851488
3852124
3852513
3853128
3853538
3854127
3854562
3855131
3855586
3856139
3856610
3857129
3857788
3858141
3858858
3859165
3859883
3860190
3860908
3861215
3861932
3862240
3862956
3863264
3863982
3864289
3865006
3865313
3866029
3866337
3867053
3867361
3868078
3868385
3869101
3869409
3870107
3870434
3871109
3871458
3872109
3872482
3873112
3873507
3874115
3874532
3875115
3875557
3876118
3876581
3877118
3877630
3878121
3878837
3879145
3879860
3880168
3880884
3881191
3881907
3882214
3882930
3883237
3883954
3884262
3884978
3885286
3886002
3886309
3887027
3887333
3888050
3888358
3889074
3889381
3890093
3890405
3891101
3891429
3892104
3892453
3893103
3893478
3894098
3894501
3895103
3895525
3896103
3896549
3897109
3897574
3898110
3898658
3899108
3899824
3900130
3900848
3901154
3901871
3902178
3902897
3903203
3903922
3904228
3904946
3905253
3905971
3906278
3906995
3907302
3908018
3908325
3909064
3909349
3910067
3910373
3911083
3911398
3912086
3912421
3913089
3913446
3914083
3914469
3915089
3915493
3916095
3916517
3917090
3917542
3918088
3918566
3919090
3919760
3920094
3920813
3921119
3921839
3922144
3922862
3923169
3923886
3924193
3924910
3925217
3925935
3926242
3926960
3927266
3927985
3928290
3929008
3929315
3930032
3930339
3931058
3931363
3932069
3932387
3933067
3933411
3934069
3934435
3935071
3935459
3936071
3936483
3937074
3937508
3938074
3938532
3939076
3939556
3940077
3940755
3941086
3941804
3942110
3942829
3943134
3943853
3944158
3944877
3945183
3945903
3946208
3946928
3947233
3947951
3948257
3948975
3949281
3950000
3950305
3951024
3951330
3952049
3952354
3953056
3953378
3954053
3954402
3955058
3955427
3956061
3956451
3957061
3957475
3958060
3958500
3959063
3959525
3960065
3960554
3961065
3961757
3962073
3962790
3963099
3963814
3964120
3964838
3965145
3965862
3966169
3966888
3967193
3967912
3968218
3968938
3969244
3969963
3970268
3970988
3971292
3972011
3972316
3973036
3973353
3974042
3974365
3975051
3975389
3976057
3976414
3977045
3977438
3978047
3978462
3979047
3979486
3980050
3980511
3981056
3981535
3982052
3982758
3983063
3983781
3984087
3984806
3985112
3985830
3986136
3986854
3987160
3987879
3988184
3988902
3989211
3989927
3990232
3990950
3991256
3991975
3992280
3992999
3993304
3994024
3994329
3995029
3995353
3996028
3996377
3997030
3997402
3998032
3998427
3999036
3999455
4000037
4000476
4001036
4001500
4002038
4002542
4003040
4003760
4004063
4004785
4005088
4005810
4006113
4006834
4007137
4007857
4008161
4008882
4009186
4009907
4010210
4010931
4011234
4011956
4012259
4012980
4013283
4014004
4014307
4015014
4015331
4016018
4016355
4017020
4017380
4018020
4018404
4019022
4019429
4020023
4020453
4021023
4021478
4022027
4022502
4023030
4023717
4024033
4024753
4025056
4025759
4026080
4026801
4027104
4027825
4028128
4028849
4029152
4029872
4030176
4030897
4031203
4031921
4032225
4032945
4033249
4033970
4034274
4034995
4035298
4036010
4036322
4037003
4037346
4038007
4038370
4039000
4039394
4040001
4040419
4041006
4041443
4042008
4042467
4043011
4043492
4044012
4044708
4045019
4045739
4046044
4046764
4047068
4047789
4048093
4048814
4049117
4049839
4050141
4050863
4051165
4051887
4052190
4052911
4053214
4053935
4054238
4054960
4055262
4055983
4056286
4056989
4057310
4057990
4058335
4058988
4059360
4059994
4060385
4060997
4061409
4061996
4062433
4062995
4063457
4064004
4064481
4065003
4065724
4066026
4066748
4067050
4067771
4068073
4068793
4069096
4069817
4070119
4070839
4071142
4071863
4072165
4072887
4073189
4073911
4074213
4074935
4075238
4075958
4076261
4076975
4077285
4077976
4078309
4078980
4079333
4079981
4080358
4080981
4081381
4081981
4082406
4082985
4083429
4083982
4084453
4084986
4085595
4085985
4086697
4086999
4087721
4088023
4088744
4089047
4089769
4090072
4090794
4091099
4091818
4092120
4092842
4093144
4093865
4094168
4094890
4095192
4095914
4096217
4096939
4097242
4097962
4098268
4098964
4099292
4099966
4100317
4100966
4101342
4101968
4102366
4102969
4103390
4103974
4104415
4104973
4105439
4105973
4106532
4106975
4107698
4107999
4108722
4109024
4109747
4110048
4110771
4111072
4111795
4112097
4112820
4113121
4113844
4114145
4114868
4115169
4115891
4116193
4116916
4117218
4117941
4118242
4118950
4119266
4119950
4120290
4120957
4121315
4121955
4122339
4122958
4123363
4123955
4124388
4124961
4125412
4125964
4126436
4126967
4127682
4127982
4128705
4129005
4129727
4130028
4130751
4131052
4131775
4132075
4132798
4133098
4133821
4134121
4134844
4135144
4135867
4136168
4136891
4137191
4137914
4138214
4138937
4139237
4139939
4140261
4140939
4141285
4141942
4142309
4142941
4143333
4143943
4144357
4144943
4145386
4145942
4146406
4146947
4147429
4147945
4148643
4148955
4149678
4149979
4150703
4151004
4151727
4152028
4152752
4153052
4153776
4154076
4154801
4155101
4155826
4156126
4156849
4157150
4157875
4158174
4158899
4159198
4159921
4160222
4160921
4161246
4161926
4162270
4162927
4163295
4163930
4164319
4164927
4165344
4165930
4166369
4166935
4167394
4167933
4168418
4168936
4169659
4169959
4170682
4170983
4171706
4172006
4172730
4173030
4173753
4174053
4174778
4175078
4175803
4176102
4176826
4177126
4177850
4178149
4178874
4179173
4179898
4180197
4180923
4181222
4181922
4182246
4182924
4183269
4183926
4184293
4184927
4185317
4185933
4186341
4186936
4187365
4187936
4188389
4188936
4189500
4189934
4190657
4190957
4191682
4191981
4192704
4193004
4193729
4194026
4194752
4195051
4195776
4196074
4196799
4197097
4197822
4198121
4198847
4199145
4199870
4200168
4200893
4201192
4201908
4202215
4202909
4203239
4203910
4204262
4204911
4205286
4205912
4206310
4206901
4207334
4207905
4208358
4208906
4209382
4209906
4210545
4210920
4211644
4211943
4212668
4212967
4213691
4213990
4214715
4215014
4215740
4216039
4216763
4217062
4217787
4218086
4218810
4219110
4219835
4220135
4220858
4221161
4221883
4222182
4222888
4223207
4223888
4224230
4224890
4225254
4225890
4226277
4226893
4227301
4227897
4228325
4228897
4229350
4229896
4230373
4230899
4231597
4231904
4232630
4232927
4233652
4233951
4234678
4234975
4235702
4235999
4236725
4237022
4237750
4238048
4238774
4239072
4239799
4240098
4240824
4241123
4241849
4242147
4242873
4243171
4243883
4244196
4244884
4245220
4245887
4246244
4246893
4247268
4247890
4248293
4248890
4249317
4249888
4250342
4250892
4251367
4251896
4252612
4252911
4253636
4253934
4254659
4254958
4255683
4255981
4256706
4257004
4257730
4258028
4258753
4259051
4259775
4260074
4260799
4261098
4261822
4262121
4262846
4263144
4263867
4264171
4264872
4265191
4265870
4266214
4266877
4267238
4267873
4268263
4268876
4269286
4269879
4270310
4270881
4271334
4271878
4272404
4272881
4273604
4273903
4274629
4274926
4275652
4275949
4276675
4276973
4277699
4277996
4278723
4279020
4279746
4280043
4280768
4281066
4281792
4282089
4282815
4283112
4283838
4284135
4284855
4285159
4285858
4286182
4286848
4287206
4287848
4288230
4288853
4289254
4289851
4290279
4290853
4291303
4291855
4292326
4292857
4293466
4293858
4294585
4294882
4295609
4295907
4296634
4296935
4297659
4297956
4298683
4298980
4299707
4300005
4300732
4301030
4301757
4302054
4302781
4303078
4303805
4304103
4304828
4305126
4305835
4306150
4306838
4307175
4307838
4308198
4308839
4309222
4309842
4310246
4310843
4311271
4311844
4312294
4312847
4313318
4313847
4314500
4314850
4315578
4315874
4316602
4316898
4317626
4317922
4318672
4318946
4319674
4319970
4320698
4320995
4321723
4322020
4322748
4323044
4323771
4324067
4324796
4325092
4325813
4326116
4326822
4327140
4327823
4328164
4328824
4329188
4329826
4330212
4330834
4331236
4331827
4332261
4332829
4333285
4333830
4334310
4334833
4335456
4335842
4336570
4336866
4337594
4337890
4338619
4338915
4339643
4339939
4340667
4340963
4341691
4341988
4342716
4343013
4343741
4344037
4344765
4345062
4345809
4346086
4346803
4347110
4347803
4348135
4348810
4349159
4349808
4350182
4350809
4351206
4351812
4352231
4352813
4353255
4353814
4354278
4354814
4355320
4355815
4356480
4356822
4357551
4357847
4358575
4358871
4359599
4359896
4360625
4360921
4361649
4361945
4362694
4362970
4363698
4363995
4364724
4365020
4365749
4366045
4366774
4367070
4367793
4368095
4368793
4369119
4369794
4370143
4370793
4371168
4371800
4372192
4372800
4373216
4373800
4374240
4374803
4375264
4375804
4376288
4376803
4377525
4377821
4378550
4378845
4379574
4379869
4380597
4380893
4381622
4381917
4382646
4382941
4383671
4383966
4384696
4384990
4385721
4386015
4386745
4387039
4387770
4388064
4388780
4389089
4389781
4390113
4390784
4391138
4391782
4392163
4392789
4393187
4393790
4394212
4394792
4395237
4395797
4396261
4396794
4397363
4397795
4398519
4398813
4399566
4399838
4400568
4400862
4401592
4401887
4402618
4402912
4403642
4403936
4404666
4404961
4405692
4405986
4406716
4407010
4407740
4408034
4408764
4409058
4409767
4410083
4410767
4411108
4411768
4412132
4412769
4413156
4413771
4414180
4414773
4415204
4415773
4416229
4416775
4417253
4417775
4418576
4418789
4419521
4419814
4420544
4420838
4421569
4421862
4422592
4422886
4423618
4423911
4424641
4424935
4425665
4425958
4426690
4426983
4427713
4428006
4428737
4429031
4429752
4430054
4430754
4431079
4431750
4432102
4432755
4433126
4433759
4434150
4434760
4435174
4435756
4436199
4436759
4437223
4437759
4438246
4438761
4439444
4439769
4440500
4440794
4441524
4441818
4442549
4442843
4443575
4443869
4444600
4444893
4445645
4445919
4446669
4446943
4447692
4447968
4448718
4448993
4449741
4450017
4450739
4451042
4451745
4452066
4452746
4453090
4453744
4454114
4454751
4455138
4455757
4456162
4456748
4457187
4457741
4458212
4458743
4459251
4459743
4460354
4460747
4461433
4461750
4462500
4462786
4463523
4463799
4464549
4464824
4465573
4465848
4466597
4466873
4467623
4467898
4468647
4468922
4469671
4469946
4470695
4470971
4471714
4471996
4472716
4473020
4473720
4474045
4474718
4475069
4475715
4476094
4476721
4477118
4477724
4478141
4478723
4479165
4479725
4480190
4480728
4481213
4481730
4482369
4482735
4483465
4483739
4484488
4484762
4485511
4485785
4486534
4486808
4487558
4487832
4488582
4488856
4489605
4489879
4490628
4490902
4491651
4491926
4492676
4492949
4493695
4493975
4494698
4494995
4495699
4496020
4496700
4497044
4497702
4498068
4498703
4499092
4499704
4500115
4500705
4501139
4501707
4502163
4502708
4503188
4503709
4504266
4504713
4505357
4505718
4506395
4506721
4507471
4507746
4508498
4508771
4509522
4509796
4510547
4510820
4511572
4511845
4512596
4512870
4513621
4513894
4514645
4514918
4515669
4515943
4516683
4516968
4517680
4517993
4518685
4519016
4519686
4520041
4520689
4521065
4521689
4522089
4522693
4523113
4523693
4524137
4524693
4525173
4525696
4526185
4526697
4527290
4527702
4528335
4528705
4529420
4529710
4530460
4530734
4531484
4531758
4532507
4532782
4533531
4533807
4534556
4534831
4535580
4535855
4536605
4536879
4537628
4537903
4538652
4538927
4539669
4539951
4540673
4540975
4541671
4541999
4542673
4543023
4543675
4544047
4544677
4545071
4545679
4546096
4546682
4547120
4547679
4548145
4548683
4549169
4549681
4550240
4550684
4551303
4551689
4552374
4552694
4553444
4553715
4554467
4554738
4555490
4555761
4556536
4556785
4557536
4557808
4558559
4558831
4559582
4559855
4560607
4560879
4561631
4561902
4562654
4562925
4563655
4563948
4564658
4564971
4565659
4565994
4566661
4567017
4567661
4568040
4568663
4569065
4569661
4570088
4570666
4571112
4571664
4572136
4572666
4573161
4573666
4574237
4574671
4575230
4575675
4576398
4576681
4577431
4577706
4578456
4578730
4579481
4579755
4580506
4580780
4581531
4581804
4582555
4582828
4583579
4583853
4584604
4584878
4585628
4585903
4586638
4586928
4587653
4587953
4588642
4588977
4589643
4590001
4590644
4591025
4591650
4592049
4592650
4593073
4593654
4594098
4594654
4595123
4595653
4596148
4596658
4597294
4597663
4598365
4598666
4599409
4599682
4600434
4600707
4601458
4601731
4602482
4602755
4603506
4603780
4604531
4604804
4605555
4605829
4606582
4606853
4607605
4607877
4608626
4608901
4609629
4609925
4610632
4610949
4611632
4611973
4612634
4613000
4613636
4614022
4614638
4615046
4615638
4616071
4616640
4617095
4617639
4618119
4618639
4619228
4619647
4620300
4620647
4621368
4621653
4622392
4622662
4623415
4623686
4624440
4624709
4625462
4625733
4626509
4626756
4627510
4627779
4628532
4628803
4629556
4629827
4630580
4630851
4631605
4631874
4632612
4632898
4633611
4633921
4634616
4634944
4635620
4635967
4636616
4636991
4637617
4638014
4638618
4639037
4639617
4640061
4640624
4641085
4641624
4642109
4642625
4643239
4643630
4644293
4644633
4645351
4645638
4646391
4646663
4647416
4647687
4648441
4648711
4649465
4649735
4650488
4650760
4651514
4651786
4652540
4652810
4653565
4653835
4654589
4654860
4655594
4655884
4656599
4656909
4657601
4657933
4658603
4658957
4659603
4659981
4660605
4661005
4661603
4662030
4662609
4663054
4663607
4664079
4664610
4665103
4665615
4666229
4666619
4667300
4667623
4668378
4668647
4669402
4669671
4670426
4670696
4671451
4671721
4672475
4672745
4673499
4673768
4674524
4674792
4675547
4675816
4676571
4676840
4677585
4677864
4678590
4678888
4679587
4679912
4680589
4680936
4681593
4681961
4682591
4682984
4683592
4684008
4684595
4685045
4685595
4686056
4686596
4687081
4687598
4688198
4688602
4689279
4689605
4690286
4690610
4691366
4691638
4692391
4692660
4693415
4693684
4694440
4694709
4695465
4695733
4696489
4696757
4697513
4697781
4698536
4698805
4699561
4699829
4700568
4700854
4701570
4701878
4702572
4702903
4703573
4703928
4704575
4704952
4705576
4705976
4706578
4707000
4707580
4708025
4708580
4709050
4709581
4710075
4710583
4711189
4711587
4712228
4712590
4713319
4713595
4714349
4714618
4715372
4715641
4716395
4716664
4717419
4717687
4718441
4718710
4719465
4719734
4720489
4720758