0.0205
-0.043
0.0049
-0.0107
0.0732
0.0273
0.3047
-0.3213
0.4092
-0.2412
0.5957
-0.2314
0.5879
-0.1748
0.208
0.0928
0.2109
0.1592
0.1133
-0.0371
0.0967
0.5322
-0.5088
0.7295
-0.8184
0.9004
-1.1094
0.7803
-0.6133
0.7588
-0.5869
0.2324
-0.5947
0.0371
-0.9355
0.1387
-0.5918
0.1113
-0.6006
0.1533
-0.7793
-0.0254
-0.4785
0.1094
-0.8223
0.3965
-0.6436
0.4424
-0.5518
0.332
-0.6201
0.2178
-0.1064
-0.002
0.1289
0.0635
0.1387
-0.0996
0.3076
-0.1494
0.374
-0.1631
0.3428
-0.2529
0.7939
-0.7813
0.1582
-0.7754
0.7334
-0.8428
-0.1553
-0.7275
-0.0156
-0.2109
-0.0469
-0.1553
0.0107
-0.2236
0.334
-0.4922
0.2568
-0.6006
-0.0674
0.0215
-0.043
-0.0566