-0.0586
-0.0869
0.0127
-0.2461
0.4736
-0.1016
0.0254
-0.0293
0.2871
0.0928
0.0361
-0.0586
0.332
-0.1299
-0.0723
0.0107
0.5283
-0.0645
-0.0088
0.002
0.0518
-0.0811
0.0039
-0.0566
0.0166
-0.1787
-0.0762
0.0996
0.2813
-0.0273
-0.082
0.0664
0.1904
0.0732
-0.0557
0.0479
0.168
-0.125
-0.0117
0.0332
0.1357
-0.166
-0.1797
0.1768
0.0908
-0.1973
-0.1777
0.0371
0.25
-0.1689
-0.1563
0.1807
0.043
-0.0332
-0.1836
0.1162
0.1338
0.0068
-0.0869
0.1807
0.0264
0.0332
-0.001
0.1553
0.0176
0.0322
0.0205
0.2607
0.1133
0.002
0.0547
0.167
0.0303
-0.0361
0.4785
0.333
-0.2373
-0.0879
0.0264
0.0586
-0.0664
0.0127
0.0176
0.0049