0.0254
0.002
0.0459
-0.001
0.0479
0.0078
0.0283
-0.001
0.0117
0.0117
0.0498
0.0078
0.0254
0.0303
0.0254
0.0049
0.0254
0.0273
0.0313
0.0195
0.0176
0.0225
0.0273
0.0234
0.0303
0.0361
0.0098
0.0195
0.0254
0.0059
0.0977
0.0762
0.0352
0.0439
0.0332
0.0381
0.0205
0.0215
0.002
0.0322
0.0371
0.0127
0.0283
-0.0107
0.0361
0
0.0195
-0.002
-0.0176
0.0234
0.0264
0.0127
0.0576
0.0234
0.0049
0.0352
0.0527
0.0322
0.084
-0.0146
0.0127
0.0137
0.0244
0.0332
0.0098
0.0342
0.0234
0.0254
0.0195
0.0273
0.0244
0.0244
0.0049
0.0195
0.0059
-0.0273
0.0283
0.0498
0.0098
0.0205
0.0225
0.0205
0.0117
0.0127
0.0537
0.001
0.0195
0.0068
0.0283
0.0195
0.0186
0.0098
0.0527
0.0068
0.0195
0.0117
0.04
0.0137
-0.0068
0.0459
0.0137
0.0215
0.0332
0.0322
-0.0039
0.0361
0.042
0.0176
0.0283
0.0215
0.0254
0.0195
0.083
0.1162
-0.0186
0.1504
0.1074
0.0762
0.085
0.0947
-0.0039
0.0986
0.0586
-0.1357
-0.0068
-0.0068
0.0615
0.0469
-0.5234
0
-0.0088
0.0215
0.0098
0.0283
0.0957
-0.0117
-0.0898
0.0313
0.001
0.0156
-0.1123
-0.1904
0.0029
0.001
0.1094
0.0645
0.1084
0.0234
-0.3027
0.0352
-0.0098
-0.002
0.041
-0.0986
0.0879
0.0234
0.0986
0.0313
-0.084
0.1641
0.002
0.0254
0.0674
0.0127
0.0986
0.0283
-0.0742
0.0723
-0.0039
0.0752
-0.0303
-0.1738
0.0625
-0.0625
0.0723
0.0352
-0.0039
0.0625
0.085
0.0059
-0.0908
0.1797
0.0977
0.0342
-0.1309
0.1748
0.0488
0.0078
-0.0322
-0.001
0.0342
-0.1162
0.1719
0.0566
0.0313
-0.1133
-0.0732
0.0557
-0.0088
0.126
0.0742
0.0342
-0.1611
0.0537
0.0254
-0.0205
0.0957
0.0254
0.0488
-0.1055
-0.0547
0.0039
-0.043
0.1484
-0.002
-0.0127
-0.1543
0.1631
0.0195
0.0098
0.0742
0.0195
0.0488
-0.0127
0.0967
0.0322
0.0459
-0.0908
0.1025
0.0205
0.0322
0.127
-0.0244
0.0898
-0.1992
0.0977
0.0381
-0.002
0.1328
0.0186
0.0723
-0.0801
0.1064
0.0244
-0.2344
0.1641
0.0889
0.0137
0.0313
0.2266
0.0762
-0.2012
0.1309
0.0166
-0.0869
0.1328
0.0342
0.0439
0.0078
0.1553
0.0195
0.0137
0.0645
-0.2432
0.2275
-0.0273
0.043
-0.0869
0.001
-0.0146
0.0264
0.0088
0.0088
0.0127
0.0156
0.0068
0.0137
0.0254
0
0.0166
0.0195
0.0195
0.0137
0.0313
0.0195
0.0391
0.0098
0.0225
-0.0303
0.1006
0.0117
-0.0049
-0.0244
0.0039
0.0273
0.1357
0.0039
0.1172
0.1445
0.1758
0.0361
0.041
-0.207
0.1309
0.0674
-0.0244
0.127
-0.0732
0.2334
0.0059
0.0449
-0.123
0.2051
0.0098
0.0127
0.0635
0.1406
0.0459
0.0068
0.0967
-0.4023
0.1982
-0.0068
0.041
-0.3125
0.1816
0.1641
0.0029
0.085
0
0.0771
-0.002
0.1143
-0.3184
0.2344
-0.0586
0.0225
-0.1299
0.1582
0.0205
0.0303
0.0742
-0.4854
0.1572
-0.0762
0.0107
0.0225
-0.0498
-0.0459
0.2129
0.0576
0.0088
0.0547
-0.0273
0.126
0.2246
-0.0225
-0.0068
0.0547
-0.5
0.0957
0.1289
0.0254
0.0576
-0.001
-0.2891
0.126
-0.0703
0.0098
0.0342
-0.0684
0.041
0.2979
-0.0088
-0.0586
0.0576
-0.0918
0.0156
0.1123
-0.0215
0.0186
0.0488
-0.3984
0.2354
0.0918
0.0215
0.0684
-0.0381
-0.1553
0.1826
0.1445
0.0059
0.0586
0.0742
0.0088
0.2979
-0.001
0.0195
0.085
-0.2305
0.1377
-0.0264
0.0078
0.1016
-0.043
-0.1084
0.2305
0.0215
-0.0088
0.165
-0.4258
0.0557
0.3652
0.0156
-0.0068
0.0479
-0.3076
0.0576
0.1035
0.0117
0.0117
0.0137
-0.3516
0.165
-0.0713
0.0107
0.0693
0.0889
0.1406
0.2627
0.124
-0.0225
0.0537
-0.1709
-0.0059
0.2656
0.0059
0.0566
0.1904
-0.1611
0.1602
0.2734
-0.0264
0.0127
0.0605
-0.3828
0.0889
0.0625
-0.0576
0.126
0.0918
-0.5732
0.2158
0.085
-0.0156
0.0381
0.0439
-0.3174
0.333
0.0459
0.0049
0.0078
0
-0.2959
0.1436
-0.0088
-0.0049
0.0723
-0.0547
0.1289
0.3096
-0.0234
-0.0156
0.1104
-0.1074
0.1699
0.2617
-0.084
-0.0127
0.1475
-0.2461
0.0098
0.2344
-0.0361
0.0342
0.0254
-0.4072
0.2715
-0.0518
-0.0137
0.0127
-0.0283
-0.2539
0.1611
0.1318
0.0039
0.0918
-0.0078
0.1934
0.2939
0.0195
0.04
0.1602
-0.3926
0.0449
0.29
0.0049
0.0107
0.0127
-0.374
0.2041
0.1494
-0.0264
0.002
0.165
-0.4922
0.3027
0.1006
-0.0137
-0.002
-0.1221
-0.501
0.1562
-0.0273
-0.0127
-0.0205
0
-0.4131
0.0762
-0.0908
-0.0029
0.0566
-0.0293
-0.4541
0.1104
0.0615
-0.0664
-0.0049
0.2754
-0.415
0.0811
0.2393
-0.0342
0.0117
0.1182
-0.291
0.084
0.3701
0.0371
0.0029
0.0225
-0.0361
-0.0068
0.2412
0.0361
-0.0107
0.0244
-0.5928
0.0186
0.1221
0.0039
0.0762
0.1357
-0.4248
0.1133
0.1133
0.0205
-0.0059
0.167
-0.4463
0.2002
0.0361
0.0498
0.082
0.1016
0.165
0.2021
0.0195
0.0059
0.1143
-0.1338
0.0615
0.2803
0.0566
-0.0039
0.0957
-0.2715
0.0898
0.3145
-0.0186
-0.0264
-0.0303
-0.3252
0.1865
0.0518
-0.0264
0.0088
0.0703
-0.0439
0.2871
-0.0225
0
-0.041
-0.4385
0.2002
-0.0166
-0.0166
0.125
-0.0137
0.1318
0.3379
-0.0303
0.0029
0.0967
-0.043
0.0713
0.3652
0.0078
-0.0107
0.0498
-0.3252
0.1572
0.0117
-0.0088
0.1201
-0.29
0.0313
0.2754
0.002
0.1416
-0.2578
-0.0576
0.2744
0.0088
0.1455
-0.6533
0.167
0.0615
0.0566
0.1436
-0.5342
0.2012
0.1729
0.0508
0.0352
0.0391
0.3271
0.04
0.0547
-0.1426
0.1582
0.3193
0.1289
0.0391
-0.1338
0.2178
0.2939
0.0186
0.0996
-0.1279
-0.0078
0.3193
-0.0068
0.1221
-0.4912
0.2373
0.0195
-0.0186
0.0752
-0.4678
0.1631
0.085
-0.0576
0.0332
-0.3398
0.2148
-0.0635
0.0313
-0.002
0.2324
0.2637
-0.0498
0.1211
-0.0977
0.2881
-0.0459
-0.0371
0.0566
-0.4229
0.252
-0.0088
0.0459
0.1133
-0.2246
0.1279
0.2666
-0.0127
-0.0117
-0.0088
-0.3047
0.1094
-0.0029
-0.0059
-0.0557
0.1055
-0.4404
0.1797
-0.0176
0.001
-0.0479
0.0723
-0.0879
0.0322
0.3203
-0.0303
0.0078
0.0156
0.0322
-0.2949
0.1152
0.0146
-0.0225
-0.0215
-0.0127
0.0889
-0.1816
0.0664
0.3135
0.0713
-0.0039
0.0205
0.1533
0.0273
0.1162
0.3428
-0.0771
0.0088
0.0098
0.0293
-0.1182
0.0693
0.0918
-0.0508
-0.0127
-0.0381
0.0342
0.0625
-0.0381
0.2451
0.0371
0.0127
-0.0127
0.0439
0.0078
0.0723
0.2393
0.0039
0.0234
0.001
0.0723
0.0059
-0.1387
0.3086
0.0303
-0.0244
0.0088
0.0615
-0.2656
0.1064
0.2637
0.0195
0
0.0557
0.1016
-0.2637
0.2012
0.0313
-0.0254
-0.1123
0.0371
-0.2256
-0.002
0.2939
0.0049
0.002
0.0518
0.0527
-0.166
0.2715
0.126
-0.0039
-0.0352
0.0703
-0.124
0.0137
0.3018
0.0635
-0.0127
-0.002
0.0713
-0.2627
0.0977
0.2979
-0.0049
-0.0078
-0.0117
-0.0313
-0.1914
0.2354
0.0605
-0.0234
0.0039
0.1104
-0.3877
0.0625
0.0723
-0.0117
-0.0439
0.1094
-0.0635
0.0059
0.2402
0.0107
-0.0088
-0.0127
0.1104
-0.1836
0.0215
0.2549
0.0518
-0.0068
-0.0146
0.1182
-0.4297
0.2021
0.1152
0.0225
-0.0635
0.0254
0.0713
-0.0469
0.1445
0.2539
0.2139
0.0352
0.0967
-0.499
0.1904
0.0586
0.0098
0.1592
0.0088
0.2686
0.2803
0.0195
0.0225
-0.0811
0.2568
0.2217
0.0352
0.0723
-0.0215
0.0361
0.2803
-0.0059
0.0537
-0.0605
-0.0068
0.3184
0.0166
0.0195
-0.123
0.3242
0.2412
-0.1084
0.041
-0.0449
0.2705
0.3613
0.0996
0.0654
-0.1533
-0.0576
0.2383
0.0225
0.0908
-0.4102
0.1689
0.0703
-0.0117
0.1309
-0.3545
0.2041
0.0771
0.0303
-0.0693
-0.0303
0.3652
-0.0195
0.0693
-0.0869
0.0127
0.3145
0.0186
0.083
-0.5449
0.1133
0.0664
0.0088
0.207
-0.541
0.2461
0.0127
0.04
-0.0098
0.1689
0.2715
0.0508
-0.1104
-0.0117
-0.0244
0.2715
0.0244
0.0605
-0.2393
0.043
0.2646
0.0322
0.0938
-0.4609
0.0742
0.0869
0.0352
0.168
-0.6543
0.1055
0.0459
-0.0273
-0.0361
0.002
-0.3447
0.1152
0.0059
-0.0029
-0.0068
0.0723
-0.1025
0.1514
0.2402
-0.0313
0.0029
-0.0186
0.0791
-0.3105
0.1172
0.2451
0.0225
0.0068
0.0488
-0.0654
-0.0381
0.2676
-0.0615
-0.0078
0.0176
-0.0557
-0.2471
0.1504
0.0098
-0.0156
-0.0215
0.042
-0.0322
-0.3174
0.1738
-0.1221
0.0029
-0.0039
0.0898
0.0898
0.0732
0.2959
-0.0303
0.0371
-0.001
0.0938
-0.04
0.0381
0.2363
-0.0859
-0.0322
-0.0059
0.0889
-0.123
0.1758
0.29
-0.0742
0.0117
-0.0039
0.1318
-0.25
0.123
0.2461
-0.0107
-0.0059
0.0322
0.1172
-0.2871
0.2314
0.0771
0.002
-0.0029
0.0391
0.0918
-0.3213
0.1436
-0.0332
0.0186
-0.0078
0.1162
-0.0059
0.25
0.3008
-0.167
-0.0049
-0.0254
0.0801
-0.1279
0.1162
0.3027
-0.0459
-0.001
-0.0166
-0.0176
-0.4209
0.1982
0.0566
-0.0117
0.0059
0.0645
0.0059
-0.1064
0.2607
0.0254
-0.0313
-0.0225
0.0361
-0.0986
0.2334
0.2803
-0.0977
-0.0088
0.0254
0.0703
-0.4189
0.2832
0.1416
0.0117
0
0.1064
-0.2227
0.0508
0.2656
-0.0293
-0.0469
0.0938
-0.1826
0.0449
0.3223
-0.002
-0.002
0.0869
0.0967
0.0801
0.2471
-0.0898
0.0166
0.0342
-0.0459
-0.2314
0.1973
0.1094
0.0059
0.0273
-0.0371
-0.3418
0.2627
0.0342
-0.0068
0.0225
-0.0127
-0.2813
0.2324
0.1572
-0.0459
0.0293
0.0059
0.1982
0.2676
-0.0576
0.0361
0.0957
-0.2646
0.0713
0.2813
-0.0059
-0.002
-0.0146
-0.3721
0.2305
0.0566
-0.0039
0.0078
0.0361
-0.2725
0.3027
0.1338
0.0049
0.043
-0.1924
0.0752
0.2617
0.0127
0.0137
0.0781
-0.4404
0.1074
0.1504
-0.0098
-0.0313
0.1191
-0.4463
0.0869
-0.0928
-0.0146
0.0049
0.0742
-0.2354
0.165
0.0703
-0.0039
0.1152
-0.0098
0.1641
0.2236
-0.0244
0.0352
0.1299
-0.5059
0.0645
-0.0088
-0.0137
0.0068
0.0566
-0.0889
0.3438
0.0547
-0.0645
0.0586
-0.1006
0.0586
0.335
-0.0254
-0.0156
0.1582
-0.4277
-0.0576
0.332
0
-0.0537
-0.0195
-0.0039
-0.0078
-0.0176
0.0107
0.0352
-0.0293
-0.0205
-0.0068
0.0166
0.0059
0.0029
-0.0205
-0.0508
0.0225
-0.0498
0.041
-0.002
-0.0039
0.0059
0.0107
0.0234
0.0117
-0.0557
-0.0195
0.0195
-0.0098
0.0313
-0.0195
0.0654
-0.0176
-0.0752
0.0654
-0.0029
0.0439
0.0527
0.0332
0.0088
0.0576
-0.0049
0.001
0.0137
0.0264
-0.0059
-0.0137
0.0039
-0.0439
0.0186
-0.0049
0.0039
0.0205
0.0186
-0.0039
-0.0068
-0.0059
0.0928
0.0371
-0.0088
0.0254
0.0107
0.0137
0.041
0.0039
0.0137
-0.0137
0.0342
0.0391
0.0088
0.0225
-0.0098
0.0205
0.0146
-0.0195
0.0078
-0.0332
0.0332
0.0469
0.1406
0.0088
-0.0322
0.0205
0.0195
0.0469
-0.041
0.0205
0.0352
0.0215
0.0039
0.0234
0.0068
0.0439
0.0596
-0.0215
0.1143
0.0107
0.0928
0.0176
0.0459
0.0166
-0.0293
0.0127
0.0303
-0.0244
0.082
-0.0801
0.0244
0.0605
0.0273
0.1006
-0.0264
-0.0029
0.0283
0.0459
0.0088
0.0225
0.0146
0.041
0.0557
0.0225
-0.0938
0.1133
0.1396
0.1514
-0.0781
-0.002
0.0068
-0.0156
-0.3525
0.0518
0.2461
-0.0957
0.0029
-0.0107
0.1338
-0.3457
0.0654
0.2559
0.0771
0.04
0.0029
-0.0488
-0.3691
0.1572
0.3018
0.0459
0.0088
0.0068
0.0205
-0.3516
0.165
-0.0898
-0.0215
0.0068
-0.0439
-0.3828
0.1377
0.2314
-0.0088
0.0088
0.0283
0.0986
-0.2373
0.208
0.1494
-0.0195
-0.0107
0.127
-0.4043
0.1826
0.3057
-0.042
-0.0137
0.0664
-0.1533
0.1855
0.2793
-0.0479
-0.0342
0.0938
-0.0791
-0.1758
0.1982
0.0684
-0.0303
0.0322
-0.0674
-0.2451
0.1846
-0.1113
-0.0117
-0.0605
0.0742
-0.0889
0.0391
0.3311
0.0303
0.0098
0.0898
0.1484
-0.21
0.1396
-0.0703
-0.0156
-0.0068
0.1025
-0.1133
0.0898
0.2578
-0.0879
0.0078
0.0195
0.0947
-0.4004
0.1396
0.1094
-0.0049
-0.0137
0.1104
-0.207
0.0518
0.3643
0.001
-0.0215
-0.0068
-0.0078
-0.3076
0.1162
-0.0537
0.0029
0.0068
0.0742
-0.0049
0.2061
0.2813
-0.0029
-0.0322
0.0078
0.0811
-0.3213
0.0908
0.1318
0.0244
-0.0459
0.0488
0.0098
-0.0117
0.2275
-0.1562
-0.0068
-0.0059
-0.0918
-0.4229
-0.0596
0.3203
-0.0137
-0.0068
0.0361
0.0342
-0.3535
0.1865
-0.0205
-0.2578
-0.0303
0.1025
0.1328
0.29
0.3389
-0.0352
-0.0127
0.0576
-0.1055
-0.0352
0.2334
0.0908
-0.0205
0.0127
-0.0322
-0.3281
0.1924
0.126
-0.0146
-0.0166
0.1816
-0.3555
0.1172
0.0781
-0.0273
-0.0186
0.0361
-0.2686
0.1436
0.0283
0.0088
-0.0127
0.1357
-0.2295
0.167
0.2803
-0.0313
0.0234
0.0547
-0.041
0.2646
0.3408
0.0234
-0.0557
0.0371
0.0508
-0.2158
0.166
0.2168
-0.0166
-0.0049
-0.0029
0.0225
-0.4688
0.1846
0.0674
-0.0176
-0.0352
0.0928
-0.3896
0.1309
0.2529
-0.0449
-0.0166
0.041
-0.0762
0.0996
0.2871
0.0996
-0.0381
0.0342
-0.0186
-0.332
0.0957
0.0479
-0.001
0.0156
0.0352
-0.4541
0.165
0.1855
0.0059
0.0146
0.0195
0.0488
-0.1719
0.0752
0.2383
-0.0234
-0.0928
0.0625
0.0137
-0.0859
0.2822
0.0361
-0.0566
-0.0303
-0.0244
-0.3945
0.2588
0.0459
-0.0273
0.0723
0.1084
-0.3057
0.1367
0.2627
-0.04
-0.0117
0.0576
0.002
0.0576
0.3203
-0.0527
-0.0225
0.0137
-0.0186
-0.2803
0.083
0.0889
0.0137
-0.1016
0.0879
-0.2979
0.0352
0.3301
0.0078
-0.0293
0.042
0.0088
-0.2656
0.1807
0.0459
0.0625
0.0234
-0.0303
0.0781
0.1113
-0.1748
0.1553
0.124
-0.04
-0.0127
0.0713
-0.1045
0.166
0.3379
-0.0781
-0.0049
-0.0732
-0.0078
-0.3027
0.2158
0.1289
0.0449
-0.0029
-0.002
0.0303
0.0469
0.1992
0.2988
-0.0137
0
-0.0088
0.0908
-0.2754
0.1484
0.1338
-0.0039
0.0039
0.0303
-0.1104
-0.1094
0.2734
-0.4141
-0.0059
-0.0078
0.1084
-0.1152
0.1748
0.3232
-0.001
-0.0107
0.0449
0.041
-0.373
0.2227
0.0605
0
0.0146
0.0938
-0.3877
0.1797
0.2441
-0.0078
0.0078
0.0088
0.0127
-0.4229
0.1367
0.0967
0.0234
-0.0586
0.0117
0.1074
-0.1494
-0.0391
0.2969
-0.0088
-0.0264
0.0537
0.0635
-0.0693
0.1895
0.2461
0.0156
-0.0566
0.0449
-0.041
0.082
0.2305
0.0361
0.0264
-0.002
0.0977
-0.2227
0.0996
0.3672
0.0293
-0.0518
-0.0439
0.0566
-0.4082
0.123
0.2754
-0.001
0.0068
0.0381
0.0332
-0.3252
0.1504
0.168
-0.082
-0.002
0.0342
0.083
-0.2354
0.0518
0.2354
0.0518
0.0166
0.0449
0.0615
-0.0781
0.2227
0.0059
0.002
-0.0938
0.0283
-0.2285
0.0928
0.1631
-0.0361
0.0908
0.0195
0.1445
-0.2637
0.126
0.124
0.0225
-0.0039
0.0283
0.0771
-0.0244
0.2402
0.0811
-0.0254
-0.0273
0.0869
-0.3086
0.2187
0.3057
-0.0049
-0.0049
0.0176
0.0938
-0.3076
0.1553
-0.0088
-0.0283
-0.0283
0.0449
0.0137
0.249
0.2969
0.166
-0.002
0.0215
0.0557
-0.3447
0.3037
0.0684
-0.002
0.0098
0.0449
-0.0381
-0.3672
0.2832
0.1357
-0.0674
0.0166
0.0488
-0.2119
0.0117
0.3154
-0.1055
-0.0137
0.0684
0.1084
-0.041
0.2441
0.0332
-0.0781
-0.0117
0.0742
-0.2061
0.1611
0.2949
0.0381
-0.0371
-0.0195
0.0098
0.001
-0.2695
0.1387
-0.0303
0.0107
-0.0186
0.0645
-0.1445
-0.041
0.2695
0.1357
-0.0586
0
0.0693
-0.3984
0.209
0.0996
0.001
-0.0059
0.0596
-0.082
-0.0576
0.2881
-0.0068
-0.0234
-0.0215
-0.0488
-0.2158
0.1113
0.3125
-0.0225
-0.0234
0.0313
-0.0459
-0.4199
0.2607
-0.0215
0.002
0.084
0.0693
-0.2715
-0.0049
0.2891
0.0586
0.0293
0.0137
0.0137
-0.2197
0.1406
0.0488
-0.0498
-0.0273
0.0186
0.0986
-0.1572
0.2725
0.3408
0.0215
-0.0127
-0.0059
0.0391
-0.4697
0.1562
0.2383
0.0352
-0.001
0.001
-0.0107
-0.2939
0.2217
-0.0703
-0.0488
-0.0605
0.0498
-0.2383
0.0859
0.3008
-0.0664
0.0029
-0.0166
-0.0137
-0.1826
0.1934
-0.0566
-0.0039
0.0352
0.1045
0.0225
0.1074
0.3135
-0.1738
0.0039
-0.0254
0.0703
-0.1787
0.25
0.3291
-0.0068
-0.0186
0.0039
0.0029
-0.4199
0.1094
-0.0273
-0.0107
-0.0195
-0.0176
0.0029
-0.415
0.1445
0.1279
-0.0605
0.043
0.0313
0.0371
-0.2744
0.1777
-0.0273
-0.0127
-0.0107
0.1191
-0.0098
0.1826
0.3496
0.1299
-0.0059
0.0352
0.0107
-0.2549
0.209
-0.0928
-0.0068
-0.0674
0.0352
-0.3086
0.1182
0.2256
0.0361
-0.0166
0.0684
0.0488
-0.2344
0.249
-0.0674
-0.0635
0.0742
0.0986
-0.2354
0.1943
0.2461
-0.0859
-0.0342
-0.0293
0.0693
-0.4326
0.1807
0.1885
0.0156
-0.0137
-0.0088
0.041
-0.3457
0.1924
0.0322
-0.0068
0.0117
-0.0137
0.0264
-0.4756
0.0615
0.2881
-0.0371
-0.0166
0.0176
0.0879
-0.4365
0.0625
0.21
0.0186
0.0107
-0.0117
0.0596
0.0332
0.2666
0.2842
-0.0186
-0.0273
0.0596
0.0635
-0.0332
0.3037
0.2021
-0.2822
0.0059
-0.0215
0.0557
-0.0225
0.1699
0.2187
0.0635
-0.0586
-0.0146
-0.0244
0.0518
-0.5752
0.1553
0.3564
-0.0928
-0.0439
-0.0781
0.0771
-0.0049
0.043
-0.3467
0.3584
0.2383
-0.0576
0.0049
0.0322
0.0977
-0.1699
0.0088
0.3154
0.0596
-0.0605
0.0518
0.0039
-0.335
0.0557
0.248
0.0176
-0.0049
-0.0029
0.1094
-0.3174
0.1299
0.1143
0.0117
-0.0234
0.0908
-0.2939
0.2588
0.041
-0.0049
-0.0156
0.1084
-0.3623
0.1006
0.2051
0.0439
-0.0186
0.1367
-0.0078
0.084
0.2373
-0.1895
-0.0557
0.0752
-0.1367
0.1221
0.3223
0.0156
-0.0244
0.043
-0.375
0.1318
0.1758
0.0117
0.168
-0.541
0.2236
-0.0771
-0.0186
0.0723
-0.0947
0.002
0.3154
-0.0938
0.0947
-0.1035
0.085
0.2363
0.0859
0.1748
-0.5508
0.084
0.0088
-0.1104
0.127
-0.3682
0.2549
0.0088
0.0039
-0.1143
0.3311
0.3223
-0.0205
-0.0537
-0.0732
-0.1729
0.2969
0.1182
-0.0156
0.2217
-0.2969
0.1943
-0.0283
-0.0186
0.1084
-0.6396
0.1895
0.0889
0.0361
0.0566
-0.1738
0.0947
0.3037
-0.0605
-0.0059
0.1279
-0.4521
0.1855
-0.0078
0.0127
0.0869
-0.1299
0.1133
0.3213
0.043
-0.0615
0.0674
0.0527
0.3301
0.1025
0.0029
0.0957
-0.3652
0.2002
-0.002
0.04
0.1367
-0.4678
0.1953
0.1738
-0.0303
0.084
-0.7188
0.1943
-0.0771
0.0068
0.0566
-0.4424
0.1592
0.0107
0.0391
0.0654
-0.4297
0.0674
-0.1484
0.0898
-0.0029
0.3301
0.2256
0.0674
0.1133
-0.3643
0.0625
0.2578
-0.0117
0.0625
-0.4248
0.0928
0.0391
0.0459
-0.0527
0.1025
0.1807
0.0469
0.1016
-0.3555
0.1514
0.0957
0.0742
-0.3564
0.0869
0.2344
-0.0137
-0.1289
0.3066
0.3164
-0.1289
0.082
-0.5225
0.3418
0.0205
0.0088
-0.1113
0.0205
0.2187
-0.0371
0.1719
-0.458
0.2744
-0.1113
0.0869
-0.4355
0.293
0.1074
0.0078
-0.4639
-0.0205
0.2295
0.0088
-0.0059
-0.3096
0.3135
0.1377
0.1748
-0.6436
0.2236
0.1016
-0.0098
0.0469
-0.2803
0.042
0.2324
-0.0176
0.04
0.0947
0.0723
-0.2021
0.123
0.0576
-0.0205
0.0547
0.0166
-0.0078
0.0635
-0.2061
0.0693
0.2139
-0.0352
-0.0205
0.043
0.0449
0.0332
-0.1562
0.0811
0.2002
-0.002
-0.0156
0.0283
-0.0283
-0.2031
0.1934
0.1943
0.0088
0.002
0.0254
0.1367
-0.125
0.2715
0.1084
0.0156
-0.002
-0.041
0.0195
0.0068
-0.2959
0.0918
0.2031
0.083
-0.0166
0.0234
0.0605
-0.043
0.126
0.1152
-0.0029
-0.0068
0.0049
0.0557
-0.0264
-0.2939
0.1211
0.2148
-0.0273
0.0049
-0.0273
0.0977
-0.1084
0.0332
0.1709
0.041
0.0156
-0.0371
0.082
-0.334
0.1377
0.2949
-0.1729
-0.0273
0.21
0.0938
-0.2256
0.0537
0.248
0.0967
-0.0205
-0.0107
0.1484
-0.5439
0.1348
0.2803
-0.0254
0.0273
0.0264
-0.0273
-0.3799
0.1289
0.1396
0.0459
-0.0195
0.1006
0.042
0.1611
0.1914
-0.084
0.0117
0.0244
0.0332
0.0557
0.1123
0.1855
0.1416
-0.002
-0.0576
0.0967
-0.4219
0.0527
0.1689
0.0215
0.0059
0.041
-0.1553
0.1748
0.2422
-0.2129
-0.0273
-0.0391
0.0693
-0.3232
0.0879
0.3018
-0.0186
-0.0107
0.0049
0.0146
-0.3936
0.1172
0.3389
-0.0439
-0.0752
-0.0039
0.0195
-0.2158
0.0176
0.0732
-0.0625
-0.0547
-0.0283
0.0313
0.0781
-0.3232
0.1328
0.1504
-0.0381
-0.0098
-0.0654
0.1416
-0.4014
0.123
0.2861
0.0479
0.0049
0.0029
-0.0938
-0.29
0.1572
0.1191
-0.0322
-0.0264
-0.0117
0.1211
-0.4072
0.1777
0.2852
0.0088
-0.0098
-0.0791
0.0566
-0.0957
0.0322
0.3037
-0.0313
-0.0225
0.0088
0.0361
-0.2998
-0.0205
0.2129
-0.0117
-0.0107
-0.0537
0.0244
-0.2256
0.1035
0.2686
0.0176
-0.0137
-0.0215
0.1006
-0.5137
0.167
0.2227
0.0273
-0.0137
0.0205
0.1143
-0.3379
0.1152
0.0928
0.0127
-0.0273
-0.0039
-0.2461
0.2305
0.2051
0.1758
0.0127
-0.0449
0.082
-0.2637
0.0605
0.3037
-0.0156
-0.0215
-0.0371
0.1143
-0.3018
0.1143
0.3066
-0.0439
-0.04
0.0234
0.0078
-0.1494
0.2051
0.0264
-0.0039
-0.0146
0.0762
-0.0381
0.1191
0.2813
0.126
-0.0156
0
0.0977
-0.2559
0.1465
0.3457
-0.0176
0.0166
0.0234
0.0469
-0.3154
0.1289
0.1416
-0.0449
0.0313
0.0381
-0.0313
0.3262
0.2676
0.042
-0.0313
-0.0342
0.0557
-0.1348
0.1689
0.1895
-0.0449
-0.0098
-0.0117
0.0713
-0.1689
0.0557
0.2783
-0.0684
-0.0059
-0.0078
0.0244
-0.2988
0.1074
0.3105
0.0186
-0.002
0.0107
-0.0342
-0.3281
0.2256
0.0078
0.0068
0.0244
0.0645
0.0645
0.1533
0.1953
0.0713
-0.0049
-0.0508
0.1436
-0.0889
0.0498
0.3662
-0.1045
-0.0068
-0.0049
0.0898
-0.3262
0.1016
0.1143
-0.0254
-0.0137
-0.0264
-0.0176
-0.3662
0.1992
0.0811
-0.0313
-0.0439
0.0791
0.1123
-0.0059
0.293
0.1729
-0.0078
0.0244
0.0254
-0.0869
0.1953
0.2178
0.1328
-0.0059
-0.0322
0.0186
-0.3047
0.1416
0.2656
0.0166
-0.0293
0.0244
0.1133
-0.1953
0.0313
0.3408
-0.0195
-0.0352
0.0049
0.0117
-0.3418
0.0918
0.2988
0.0195
-0.0029
0.0146
0.0146
-0.3564
0.1357
0.124
-0.0752
-0.0264
0.0576
0.0625
-0.0127
0.2646
0.1895
0.0029
0.084
0.1064
-0.3018
0.1162
0.2393
-0.1016
-0.0029
0.0234
-0.0078
-0.3721
0.2129
0.084
-0.0146
0.0273
0.0996
-0.0547
0.0371
0.4346
-0.0303
0.0244
0.0488
0.0977
-0.3525
0.1133
-0.0176
0.0205
0.0098
0.0352
0.0723
0.125
0.248
0.207
0.0068
-0.0078
0.0977
-0.2471
0.0127
0.3408
0.0156
-0.0234
-0.0254
0.1553
-0.4219
0.1348
0.1787
-0.0107
0.0664
0.0283
0.0996
-0.2871
0.1787
0.2129
-0.0195
-0.0273
0.0371
-0.3652
0.0332
0.4189
-0.0186
-0.0205
0.0156
-0.1182
-0.2969
0.2803
0.1709
-0.0029
-0.0303
0.0791
-0.248
0.0361
0.3115
0.166
-0.0625
-0.0088
0.0137
0.0098
-0.0283
0.0049
0.0781
-0.0293
-0.2568
0.0449
0.2139
-0.0225
-0.0195
0.0146
-0.0029
-0.0459
0.042
0.1396
0.0713
0.0039
-0.0439
0.0869
-0.1777
0.0137
0.1016
0.041
-0.0068
0.0029
-0.0283
-0.0068
-0.0176
0
-0.0088
-0.0049
-0.0098
-0.001
-0.0166
-0.0195
-0.0186
-0.0049
-0.0234
-0.0039
-0.0137
0.0049
0.0762
0.0342
0.0879
0.0469
0.0137
0.0791
-0.0049
0.0957
0.0107
0.0537
0.0273
-0.0146
0.0518
0.0098
-0.0303
-0.0244
0.0518
-0.0039
0.0273
0.0029
0.0996
-0.043
0.0107
0.001
0.0088
-0.0068
-0.0195
-0.0098
0
0.0186
0.0293
0.0264
0.0244
0.0107
0.0449
0.0264
0.0654
0.0166
0.0225
0.0039
-0.0674
0.0371
0.0371
0.0674
0.0205
0.0361
0.001
0.0088
0.0205
0.0117
-0.0068
0.002
0.0195
0.0244
0.0273
0.0068
0.0166
0.0127
0.0234
0.0146
0.0186
0.0039
0.0176
0.0176
0.0186
0.0117
0.0117
0.0205
0.0107
0.041
0.0029
0.0283
0.0059
0.0332
0.0156
0.0107
0.0195
0.0371
0.0029
0.0107
0.002
0.0332
0.0176
0.0264
0.0234
0.0166
0.0117
0.0127
0.0107
0.0205
0.0225
0.0195
0.041
0.0381
0.0439
0.043
0.002
-0.0537
-0.002
0.041
0.0225
0.002
0.0098
0.0859
0.0322
0.0098
0.0234
0.0244
-0.0146
0.0215
0.0391
0.043
-0.1055
0.0391
0.0879
0.1201
0.0703
0.0313
-0.0186
0.0537
0.0186
-0.2441
0.0439
0.1553
0.082
0.0107
-0.0059
0.0518
0.0781
-0.0615
0.1445
0.0947
-0.0078
0.0596
0.0391
0.0264
-0.1162
0.2207
0.0117
-0.0186
-0.002
0.1064
-0.1865
0.1104
0.2783
-0.1484
0.002
-0.0059
0.1436
-0.25
0.1133
0.3359
-0.04
-0.002
0.0293
0.0918
0.2061
0.1025
0.2832
0.04
-0.0078
0.0225
-0.0674
-0.334
0.1797
0.0186
-0.0059
-0.0146
0.002
-0.2969
0.1885
0.3389
0.0088
-0.0137
0.0439
-0.0537
-0.3613
0.1768
-0.0068
-0.001
-0.0176
0.0479
-0.2354
0.04
0.2266
0.0479
0.0313
0.0518
-0.1367
-0.1289
0.1768
0.1074
-0.0029
0.0205
0.1025
-0.1045
0.1211
0.3193
0.1123
-0.0146
0.0088
-0.0234
-0.3652
0.2051
0.0244
0.0049
-0.0244
0.0898
-0.2686
0.0996
0.2334
-0.0098
0.002
0.0908
-0.0752
0.0537
0.3545
0.0615
0.001
0.0391
-0.0186
-0.2051
0.2012
0.0557
0.0039
-0.0156
0.0752
-0.2451
0.0977
0.0303
-0.0156
-0.0117
0.0732
-0.2959
0.126
0.248
-0.0254
-0.0156
0.1377
-0.3066
0.0195
0.2803
-0.04
-0.0293
0.0283
0.0547
0.1846
0.3125
-0.0234
0.0098
0.0605
-0.0518
0.1514
0.334
0.0225
-0.0039
0.0732
0.0234
0.1074
0.3105
0.0557
0.0107
0.0576
-0.0156
-0.1562
0.1377
-0.0488
-0.0195
0.0498
-0.0137
-0.3672
0.2402
-0.0059
-0.0029
0.0596
0.1523
-0.3242
0.1025
0.0361
-0.001
0.0078
0.0791
-0.4053
0.0186
0.2002
0.0029
-0.0059
0.0811
-0.2295
0.001
0.2666
0.043
-0.0605
0.0635
0.0645
-0.0703
0.0322
0.2832
-0.0234
0
0.0488
-0.0527
0.207
0.3408
-0.0166
0.0049
0.04
0.1113
-0.1475
0.3018
-0.0723
-0.0293
0.0264
0.1357
-0.3057
0.126
-0.1074
-0.0137
-0.0156
0.1445
-0.3506
0.1143
-0.002
0.0029
0.001
0.1641
-0.4277
0.1846
0.1465
-0.0166
0.0215
0.0488
-0.4014
0.168
-0.0459
-0.0117
0.0107
0.1113
-0.1895
0.0859
0.2783
0.0225
-0.0322
0.0234
-0.0752
0.0352
0.25
-0.0352
-0.0146
0.0264
0.0195
-0.3506
0.2354
0.0449
0.0264
0.0176
0.083
-0.4238
0.1797
0.1602
0.0039
-0.0098
0.0869
-0.1279
0.0371
0.2549
-0.0137
-0.0264
0.0977
-0.002
0.0703
0.3008
0.0605
-0.0088
0.0283
0.0645
-0.3877
0.1133
0.085
-0.0332
-0.0615
0.0781
-0.1211
0.2275
0.2344
0.043
0.0127
0.0361
-0.0439
0.3145
0.2744
0.0039
-0.0684
0.0977
0.0684
-0.1816
0.043
0.2393
-0.0049
-0.002
0.0215
0.0166
0.125
0.3428
-0.0576
0.0088
0.0547
0.0732
-0.2773
0.2217
-0.0889
-0.0127
0.002
-0.0029
-0.3555
0.3037
-0.1055
-0.0088
-0.0313
0.0674
-0.207
0.1484
0.04
0.0225
-0.0273
0.0322
-0.3477
0.1074
0
-0.0254
-0.0283
0.1748
-0.4678
0.1631
-0.0264
-0.0117
-0.0283
0.0381
0.0928
-0.1338
-0.0313
0.3799
-0.0889
-0.0039
0.1045
-0.1963
0.2715
0.3057
-0.0586
-0.0127
0.1182
0.2324
0.3057
0.374
-0.084
0.0098
0.1318
-0.3027
0.2422
0.1133
0.0156
0.04
0.0596
-0.1367
0.3398
0.0088
0.0088
0.0547
-0.1982
0.0303
0.2813
0.0225
-0.0068
0.1133
-0.4014
0.1514
0.0918
-0.0195
0.0684
-0.1572
0.0732
0.3223
0.042
-0.0596
-0.0957
0.1172
-0.2041
-0.0371
0.3945
0.0791
-0.0215
0.2432
-0.2764
0.0596
0.166
-0.0371
-0.0195
0.1367
-0.5313
0.1396
0.0498
0.0078
-0.0049
0.1025
-0.2793
0.1758
0.123
-0.0068
0.002
0.085
-0.457
0.167
0.0225
-0.0176
-0.001
0.1035
-0.3594
0.0732
0.0684
-0.0029
0.0186
0.1035
-0.0693
0.251
-0.043
-0.0244
0.0449
-0.0518
0.1133
0.3564
-0.2607
0.0137
0.0654
-0.0576
0.041
0.2324
-0.1445
-0.0166
0
0.0928
-0.1348
0.0488
0.2529
0.0391
0.0488
0.0029
-0.2949
0.2139
0.0479
0.0107
0.126
-0.3779
0.2598
-0.0146
0.0557
0.0449
-0.0352
0.3809
-0.1494
0.0586
-0.3506
0.1748
0.1074
-0.0186
0.1318
-0.3633
0.1611
0.0029
0.0439
0.0547
-0.3398
0.1787
-0.0332
0.0557
-0.0166
0.2754
0.2822
0.0928
0.1436
-0.3008
0.1016
0.0703
0.0049
0.0908
-0.3682
0.3594
0.0752
0.0889
-0.3594
0.0957
0.1357
0.0078
0.249
-0.3984
0.3516
0.0039
0.0801
-0.4404
0.0488
0.0283
0.0127
0.0244
-0.3477
0.333
-0.1182
0.1006
-0.6328
0.2432
0.0625
0.0234
-0.2637
-0.0186
0.0303
-0.0469
0.0635
-0.4658
0.3398
0.1201
0.1504
-0.4531
0.333
-0.083
0.0107
-0.0332
0.2432
0.3252
0.0205
0.1328
-0.583
0.373
0.0938
0.085
-0.2832
0.0322
0.1846
0.0371
-0.251
0.2988
0.2764
0.0488
0.1191
-0.5771
0.1777
0.1396
-0.1201
0.0723
-0.1592
0.3945
0.1787
0.0332
-0.0137
0.0977
-0.2422
0.2119
0.0771
0.0029
-0.0107
0.0957
-0.5117
0.1045
0.25
-0.0078
0.0195
0.04
0.0244
-0.3311
0.1406
-0.0039
-0.0713
-0.0146
-0.0039
0.0039
-0.1152
0.1084
0.0879
0.0098
0.0039
0.0205
0.0498
-0.3438
0.2012
0.0137
-0.0273
0.0088
0.0791
-0.0371
0.1777
0.208
0.0771
-0.0205
0.0225
0.1025
0.1064
0.0137
0.2471
0.0078
-0.0127
0.0332
0.0293
0.0479
-0.3311
0.0361
-0.0342
0.0605
-0.0635
-0.0205
0.1377
-0.3477
0.1299
0.1426
0.0186
-0.0117
0.0762
-0.3428
0.0752
0.2666
0.0459
0.04
-0.0586
-0.4873
0.165
-0.0469
0.0449
0.126
-0.5605
0.1953
0.0303
-0.0557
0.1064
-0.4668
0.0898
0.0879
-0.0273
0.1016
-0.4902
0.3096
0.0225
0.0029
-0.0469
-0.3135
0.4531
-0.1162
0.0996
-0.3535
0.0732
0.2031
-0.04
0.1826
-0.5635
0.1826
0.0215
0.0303
-0.168
0.0391
0.0078
-0.0273
0.248
-0.5322
0.25
0.0684
0.0723
-0.3174
0.1523
0.1553
0.0078
0.1094
0.2695
0.3037
0.0029
0.1875
-0.4785
0.3838
0.0586
0.1641
-0.5586
0.2305
0.0361
0.0039
0.0908
0.1182
0.4121
-0.0791
0.1191
-0.4014
0.1348
0.1904
0.1533
-0.4805
0.1445
0.1182
0.0791
-0.002
0.1904
0.3184
0
0.0996
-0.4941
0.418
0.1777
0.127
-0.5742
0.1504
-0.249
0.0449
-0.3105
0.2998
0.1035
-0.0117
0.1543
-0.3477
0.1924
0.1045
0.0088
0.0361
-0.3906
0.2363
0.2012
0.1035
-0.0674
0.0918
0.2314
-0.0273
0.1465
-0.4883
0.2998
0.0459
0.0889
-0.2412
0.0391
0.1855
-0.0049
0.2393
-0.5234
0.4385
-0.0488
0.2422
-0.6035
0.1934
0.0918
0.0801
-0.0029
0.1836
0.2021
0.0488
0.085
-0.4609
0.1377
0.0439
-0.0674
-0.0176
0.1328
0.2227
0.3203
0.0068
0.0449
-0.3418
0.3008
0.1992
-0.0029
0.1016
-0.4619
0.3506
0.0488
0.165
-0.2744
0.1338
0.1709
-0.0264
0.1885
-0.4521
0.2207
0.0195
0.0615
-0.0801
0.1689
0.3838
-0.001
0.0957
-0.0498
-0.0732
0.0664
-0.0742
-0.0029
-0.0166
0.0918
-0.2441
0.2871
0.1816
-0.0068
-0.0186
0.1123
-0.2646
0.0371
0.1943
0.1133
-0.0029
-0.0039
0.0645
-0.1299
0.1025
0.1094
0.0205
-0.0098
-0.0098
0.0762
0.0791
0.1094
0.1621
0.1494
0.0049
-0.0283
0.0762
-0.29
0.1709
0.29
0.0225
0.0186
0.0449
0.0645
-0.3154
0.0889
0.0732
0.0273
-0.0127
0.0342
-0.0537
0.2354
0.2021
-0.0107
0.0098
0.0078
0.1211
-0.0537
0.0127
0.2559
0
0.0313
-0.0527
0.0068
-0.335
0.1592
0.1729
-0.0205
0.0029
0.041
-0.0459
-0.2324
0.1768
0.0664
-0.0176
-0.0088
0.0342
0.0957
-0.376
0.0957
0.0381
0.0322
0.0225
-0.043
-0.0186
0
0.0371
0.0752
-0.2568
0.125
0.2227
-0.0234
-0.0039
0.0459
0.0889
-0.335
-0.0186
0.2021
0.0205
-0.001
0.0381
0.1514
-0.3525
0.0811
0.2266
-0.0234
0.0107
0.0166
0.083
0.0088
0.1553
0.1064
0
-0.0195
-0.0137
0.0391
-0.0059
-0.3076
0.0732
0.1699
0.0361
-0.1318
0.1455
-0.3848
0.1846
0.2568
-0.0566
-0.0107
0.0322
-0.2187
0.0625
0.2813
0.0781
0.001
0.0146
-0.0244
0.2139
0.0713
-0.1709
-0.0107
0.0313
-0.1543
-0.1006
0.0977
0.0654
-0.0059
-0.0049
0.0166
-0.3076
0.1543
0.083
0.0127
-0.0146
0.126
-0.373
-0.0127
0.3213
-0.0332
0.0049
0.1523
-0.5586
0.207
0.126
0.0146
-0.0254
0.1553
-0.3984
0.21
-0.0293
0.0439
0.0527
-0.0527
0.0938
0.2207
0.0938
0.0088
0.1211
-0.4043
0.1982
-0.1045
0.0068
0.0459
0.0566
0.0752
0.3652
0
-0.0098
0.0732
-0.4102
0.1006
-0.0557
-0.0137
0.1689
-0.6221
0.3076
0.1367
-0.0107
0.0625
-0.1084
0.2686
0.3525
0.0137
-0.002
0.0732
-0.124
0.1143
0.3271
-0.0068
-0.0352
0.0205
0.0977
-0.4199
0.1084
0.0703
-0.0029
0.0088
0.1357
-0.1631
-0.0283
0.2813
0.0293
-0.0098
0.0635
-0.0938
0.041
0.21
0.0859
0.0127
-0.0732
0.0244
-0.4014
0.0713
0.1279
-0.0244
0.0078
-0.0029
0.083
-0.3887
0.0967
0.0527
-0.0068
-0.0088
0.085
-0.2021
-0.0742
0.2764
-0.0693
-0.0078
0.0088
0.043
-0.2783
0.0723
0.126
0.0107
-0.0186
0.0117
0.0713
-0.291
0.29
-0.0557
-0.0039
-0.0615
0.1152
-0.1768
0.165
0.3545
0.0479
-0.0146
-0.0137
0.0791
-0.0771
0.0693
0.3408
0.124
-0.0371
0.0137
0.0723
0.1064
-0.2959
0.2549
0.0449
0.043
0.0518
-0.0762
0.2031
0.293
0.0156
-0.0137
0.0078
-0.5234
0.2451
0.0791
-0.0303
0.1885
-0.1494
0.1787
0.1055
-0.0146
0.0527
-0.3975
0.1963
0.1348
0.0127
0.0654
-0.3613
0.127
0.1895
0.0615
0.0918
-0.1533
0.2305
0.1865
-0.002
0.1846
-0.1953
0.0547
0.1533
0.0078
0.0801
-0.4453
0.1904
0.1396
0.0195
0.2695
-0.4795
0.1602
-0.0127
0.0215
0.0898
-0.3125
0.1914
0.0596
0.043
0.0557
-0.3516
0.2139
0.0029
0.0234
0.1631
-0.2891
0.251
0.0811
0.0254
0.0342
-0.2705
0.292
-0.1123
0.0869
-0.1406
0.0029
0.1826
0.0283
0.1885
-0.584
0.1504
-0.1152
-0.0127
0.1035
-0.4268
0.2451
-0.0967
-0.0195
-0.0068
0.2578
0.3203
-0.0049
0.084
-0.2646
0.1211
0.0938
0.0488
0.0488
-0.3994
0.4297
-0.0244
0.1309
-0.5371
0.0498
0.1348
0.043
-0.1631
0.0654
0.3213
-0.0166
0.1729
-0.5566
0.2578
0.0127
0.0801
-0.5947
0.1094
0.0361
-0.041
0.0996
-0.2646
0.3672
0.1494
0.0752
-0.4717
0.2295
0.1064
0.0215
0.1758
-0.4629
0.2432
-0.1006
-0.0156
0
0.1943
0.3906
0.0459
0.2344
-0.4395
0.207
-0.0781
0.1094
-0.4736
0.2666
0.0215
-0.0088
-0.0752
0.0625
0.1523
0.04
-0.002
-0.1582
0.333
0.0723
0.2256
-0.6943
0.2256
-0.0811
0.0234
-0.3281
0.042
0.1445
0.0244
0.0762
-0.0049
0.2588
0.0186
0.2187
-0.084
0.2598
-0.0098
0.0557
-0.0518
0.3887
-0.0303
-0.04
0.2529
0.2754
0.0664
0.0967
0.1621
0.1475
-0.0391
-0.0176
-0.0137
-0.0361
-0.0117
-0.0264
0.0029
0.0078
0.001
0.0059
0.0029
0.0215
0.001
-0.0508
0.0039
0.0049
-0.0107
0.0127
-0.0088
0.0049
0.0049
0.0088
0
0.0029
0.0049
-0.0049
0.0088
0.0029
0.0059
0.0127
0.0293
0.0459
0.0576
0.0605
-0.0313
0.0225
-0.0596
0.1396
-0.0264
-0.0156
-0.0645
0.1123
0.0537
0.0635
0.0371
-0.002
0.0264
0.0186
0.0088
0.2305
0.0205
-0.0322
-0.0176
-0.0283
-0.0137
-0.0059
0.001
0.0254
-0.0713
0.042
0.0469
0.0146
0.0547
0.2441
0.0156
0.0703
-0.0273
0.0225
-0.0254
0.0752
0.0186
-0.0127
-0.0059
-0.0137
0.0625
0.0576
0.0059
0.0449
-0.002
0.0029
0.0703
-0.0176
-0.0186
0.0215
-0.0029
0.0068
-0.0205
0.0273
-0.0059
-0.0205
-0.0068
0.0156
0.001
0.0088
-0.0127
0.0078
0.0254
0.002
0.0537
0.0264
0.0293
-0.0244
0.041
0.0195
-0.1484
0.0439
0.0615
0.0566
0.0879
0.04
0.0928
-0.0322
0.0361
0.0098
0.127
0.0527
-0.127
0.1621
0.1699
0.0586
-0.001
-0.0547
0.0811
-0.1113
0.1045
0.0996
-0.0498
-0.0137
-0.0029
0.0303
0
0.082
0.2637
0.0996
-0.0215
0.0117
0.0469
-0.001
0.0342
0.1895
0.1279
-0.0059
0.002
0.0215
-0.124
0.0479
0.1816
0.04
-0.0137
-0.0068
0.0029
0.0361
0.0195
0.1338
-0.001
-0.0166
-0.0332
0.0693
-0.0166
0.1973
0.1895
-0.0566
-0.0225
-0.0146
0.0664
-0.001
0.0576
0.3125
-0.0234
0.0127
-0.0254
0.0361
0.0039
-0.0127
0.3408
0.1455
-0.001
-0.0098
0.1523
-0.3994
0.0439
0.2627
-0.0391
-0.0088
0.0244
-0.082
-0.2334
0.0205
0.1094
0.0088
0.0264
0
0.1484
-0.3018
0.0762
0.0547
0.0029
-0.0264
-0.0195
0.0371
-0.0313
0.0547
0.3535
-0.0439
0.001
0.001
-0.0391
-0.4531
0.1797
0.3096
0.0469
0.0186
0.0234
0.0234
-0.3828
0.1953
0.2285
-0.0029
-0.1299
-0.0156
0.0967
-0.4199
0.1689
0.0371
-0.1035
-0.0488
-0.002
-0.04
-0.4541
0.1758
0.2783
-0.0303
-0.0713
0
0.0635
-0.499
0.1416
0.2236
0.0332
-0.0527
0.084
0.0674
0.0977
0.1182
0.2617
-0.0088
-0.0137
-0.001
0.0781
0.1348
-0.0537
0.3135
0.0088
-0.04
-0.0439
0.0596
-0.293
0.1162
0.2764
-0.0088
0.0176
0.0146
0.0879
-0.3691
0.1035
0.1357
-0.0273
0.0449
0.0234
-0.0439
0.1279
0.25
-0.0479
-0.0879
-0.0088
0.0771
0.0498
0.1064
0.2686
0.0703
-0.0137
-0.0254
-0.0908
-0.3086
0.2109
0.0781
0.0186
0.0156
0.0391
0.0205
0.0469
0.3359
0.0615
-0.0293
0.0166
0.0752
-0.3027
0.1602
-0.0254
-0.0303
-0.0215
-0.0156
0.084
-0.1387
-0.0537
0.3809
-0.1035
-0.0176
0.0264
0.2031
-0.5391
0.0645
0.124
-0.0352
-0.0371
0.1045
-0.1338
0.1484
0.4375
0.0078
-0.0127
-0.0283
0.0928
-0.4551
0.1357
0.1035
-0.041
0.0244
0.0098
0.083
-0.2949
0.3359
-0.0332
-0.0332
-0.0176
0.0313
-0.5098
0.2002
0.1504
-0.0225
0.0146
0.0635
-0.0498
0.1523
0.2725
0.3779
-0.0166
0.0479
0.0352
0.0137
-0.3467
0.1387
-0.0156
-0.041
0.0156
0.0371
-0.376
0.0781
0.2637
0.0068
-0.0068
-0.0332
-0.0322
-0.2686
0.1953
-0.043
-0.0332
0.0566
0.0771
-0.001
0.1592
0.2646
-0.3086
0.0146
-0.0156
0.0615
-0.3359
0.1992
0.2051
0.002
-0.0225
-0.0039
0.1064
-0.0693
0.1514
0.1963
-0.0049
0.0078
-0.0156
0.0684
-0.0576
0.0059
0.3232
0.0088
-0.0186
-0.0039
0.1094
-0.4287
0.0117
0.2627
0.0166
0.0029
0.0088
0.1084
-0.375
0.1025
0.1738
-0.0342
-0.0146
0.0293
0.0811
-0.1133
0.1631
0.0127
-0.0605
-0.0088
0.0674
-0.4355
0.1436
0.2266
0.0117
-0.0361
-0.0107
0.0703
0.0908
-0.2119
0.1396
0.3066
0.0342
0.0068
0.0127
0.1309
-0.5557
0.2051
0.2803
-0.04
0.0205
0.042
0.084
-0.4658
0.209
0.1797
-0.0264
-0.0313
0.0459
0.0322
-0.2012
0.3008
0.0195
0.0029
-0.0078
0.0098
-0.2666
0.1533
0.2314
-0.0186
-0.0078
0.0273
-0.1738
-0.2734
0.1426
0.1045
-0.0137
-0.0078
0.0459
-0.2002
0.0879
0.2666
0.0498
0.0156
-0.001
0.0576
-0.3809
0.2061
0.0371
-0.0488
0.0078
0.0059
0.0713
-0.3691
0.2236
0.1309
-0.0391
-0.0303
0.084
-0.1904
0.1035
0.2695
-0.0459
-0.0117
0.0156
-0.0322
-0.4199
0.1289
0
0.0049
-0.0361
0.0479
-0.1172
0.0918
0.2822
0.0557
-0.0156
-0.0186
0.1377
-0.042
0.1992
0.1074
-0.0537
-0.0176
0.0596
-0.0947
-0.1406
0.2236
0.2471
0.001
-0.0361
0.1035
-0.2578
0.0469
0.2559
-0.0244
-0.04
0.0254
0.0889
-0.0527
0.2568
0.1914
0.0928
-0.0039
-0.0156
0.1377
-0.3564
0.1396
0.2529
-0.0293
-0.0156
0.0127
0.0615
-0.0918
0.1709
0.0908
-0.0146
-0.0049
0.041
-0.0088
0.0127
0.2178
-0.0137
-0.0225
-0.0439
0.0566
0.001
0.1475
0.2373
0.1602
-0.0205
0.1426
0.0645
-0.2344
0.0313
0.3086
0.0254
0.0176
0.0068
0.1582
-0.2695
0.1016
0.0186
-0.0234
-0.0107
0.0576
0.0654
-0.0176
0.2266
0.1465
-0.0469
-0.0635
-0.0371
0.0645
-0.001
0.1133
0.4355
0.0508
0.0098
0.0303
0.0908
-0.1182
0.1504
0.2734
-0.0078
0.0752
0.0137
-0.042
-0.2754
0.1797
0.1133
-0.0166
-0.0098
0.1338
-0.1025
0.1143
0.25
-0.0459
-0.0303
0.0176
0.0332
-0.2373
0.2041
0.0234
0.0078
0.0186
-0.0186
-0.4102
0.0537
-0.0889
-0.0488
-0.0068
0.084
-0.6797
0.1846
0.123
-0.0293
0.0322
0.1416
-0.3086
-0.0801
0.3037
-0.0537
0.0117
0.1133
-0.0625
0.1621
0.3203
0.1768
-0.0381
-0.0342
0.1641
-0.2588
0.1621
-0.0127
-0.0137
-0.0068
0.0908
-0.2207
0.0566
0.2949
0.0039
-0.0713
0.0518
0.0059
0.2187
0.3174
-0.0615
-0.0303
-0.0068
-0.0273
-0.376
0.1592
0.209
-0.0068
-0.2109
-0.0176
0.042
-0.1338
0.085
0.2949
0.0684
-0.0049
0.0205
-0.0127
-0.0752
0.252
0.0381
-0.0068
-0.0342
0.0303
-0.4795
0.123
0.1777
-0.0537
-0.0029
-0.0244
0.0088
0.0781
0.2705
0.2822
-0.0137
-0.0342
0.1143
-0.3848
0.1885
0.2588
-0.043
-0.0049
0.082
-0.1084
0.0908
0.3975
0.0195
-0.0576
-0.0176
0.0166
-0.2813
0.1592
0.1113
-0.0283
0.002
0.1084
-0.1738
0.0146
0.3516
-0.04
-0.0107
0.0107
0.0674
-0.2578
0.251
0.1572
-0.0117
-0.0313
0.1162
0.1367
0.126
0.2822
-0.0225
-0.0088
0.0615
0.0371
0.2676
0.2393
-0.0498
-0.0098
-0.0117
0.0459
-0.499
0.0596
0.1797
0.0059
-0.0186
-0.0508
0.0469
0.0967
0.0566
0.2402
0.0371
-0.0322
0.0146
0.0762
-0.4795
0.1445
0.2119
-0.0479
-0.0615
0.0977
0.0098
0.0811
0.3389
0.0342
-0.0244
0.0176
0.1182
-0.1621
0.251
0.123
0.0039
-0.0195
0.0449
0.0605
-0.0664
0.1758
-0.0771
-0.0547
-0.0273
0.0371
-0.0811
0.0342
0.2285
-0.1592
-0.0098
0.0078
-0.0977
-0.2363
0.2148
-0.0195
0.0059
-0.0449
0.1201
-0.2959
0.1416
0.2725
0.0322
-0.0186
0.0488
-0.0029
-0.2305
0.2725
0.0889
-0.0742
-0.1094
0.0283
0.0723
0.0947
0.3535
0.0918
-0.0508
0.0146
0.0273
-0.5488
0.1572
0.0498
-0.0264
0.0039
0.0117
-0.4648
0.2861
0.1787
0.0176
-0.0176
0.0488
-0.125
0.1035
0.3291
0.0273
0.0352
0.0498
0.1133
0.1729
0.2246
-0.0693
0.0537
0.0156
0.083
-0.125
0.0508
0.25
0.0625
-0.0254
0.0166
0.0361
-0.4199
0.1406
0.1387
-0.0449
0.002
-0.0283
-0.1914
0.1338
0.1211
-0.0264
0.0049
0.0693
-0.1807
0.166
0.0576
0.0039
-0.0127
-0.0703
-0.2393
0.1523
-0.126
-0.0098
0.0078
0.1055
-0.2139
0.2207
-0.1162
-0.0068
0.0039
0.0137
-0.3291
0.2637
-0.083
-0.0127
-0.0049
0.1406
0.1035
0.1143
0.248
0.0059
-0.04
0.0234
0.0186
-0.0322
-0.2705
0.2764
0.0273
-0.0391
-0.0469
0.0713
-0.4541
0.1963
0.1895
-0.0449
-0.0547
0.0996
-0.417
0.1924
0.1777
0.0186
-0.0254
0.0381
0.1025
-0.5352
0.1699
-0.0449
0.001
0.0352
0.0869
-0.1924
0.2041
0.46
-0.1299
-0.0029
-0.0059
-0.0313
-0.043
0.0664
-0.3945
0.0947
-0.0576
-0.0205
-0.1406
0.0977
0.1162
0.2227
0.2617
0.0254
-0.0244
0.002
0.0498
-0.4316
0.0752
0.1436
-0.0596
-0.041
0.0928
-0.126
-0.0244
0.2637
-0.0449
-0.0322
-0.0039
-0.085
-0.4326
0.2334
-0.001
-0.0049
-0.0264
0.0723
-0.2363
0.1885
0.2275
-0.0371
-0.0322
0.0674
-0.1494
0.0361
0.3086
0.0967
-0.0117
0.042
0.0098
0.2187
0.2461
-0.3291
-0.041
0.0176
-0.0469
-0.0967
0.249
-0.1152
-0.0254
0.0059
-0.1172
-0.4102
0.1855
0.0186
-0.0098
-0.0605
0.0166
-0.1973
0.1572
0.1572
-0.0107
-0.0137
0.0303
-0.5127
0.127
0.1152
-0.0127
0
0.0293
-0.4473
0.0723
0.2109
-0.0381
-0.0244
0.0596
-0.0322
0.1357
0.2734
0.2305
-0.0576
-0.0557
-0.0459
-0.3418
0.2363
0.1309
-0.0068
-0.0244
0.1143
-0.1455
0.2412
0.3008
-0.0371
-0.0322
0.0244
0.0039
0.1738
0.3594
-0.2803
-0.0156
0.0029
-0.0566
-0.3477
0.1953
0.1631
-0.0244
-0.0303
0.0742
-0.5059
0.2246
0.2295
-0.0244
-0.0068
-0.0449
-0.3496
0.1494
0.1357
0.0166
-0.0098
0.0654
-0.5186
0.1406
0.3047
0.0215
-0.0322
0.0547
0.0605
-0.0137
0.2363
-0.1387
-0.0508
-0.0205
0.0088
0.083
0.085
-0.002
0.252
-0.2158
-0.0107
0
0.0225
-0.3623
0.0742
0.0674
-0.0742
0.0439
0.0879
0.0273
0.2832
0.3848
0.0381
-0.0117
-0.0049
0.0996
-0.3047
0.1514
-0.1055
-0.0049
-0.04
0.1094
0.0566
0.1533
0.3037
0.0195
-0.0332
0.0068
-0.0664
-0.291
0.252
0.167
-0.0068
-0.0273
0.042
0.0674
-0.0156
0.2412
0.1426
0.042
-0.0078
0.0166
-0.3682
0.1318
0.2578
-0.0303
-0.0098
0.0771
0.0596
0.0771
0.3096
0.0049
-0.002
-0.0156
0.0518
-0.3086
0.0977
0.2803
-0.0693
-0.0107
0.0313
-0.0293
-0.3555
0.208
0.0674
0.002
-0.0264
0.0361
-0.2031
0.0498
0.2832
-0.0908
-0.002
-0.002
-0.0146
-0.4424
0.1865
0.0361
-0.0078
-0.0352
0.082
-0.167
0.0371
0.291
0.0752
0.0068
0.0098
-0.0156
-0.3408
0.1328
-0.0488
0.0059
-0.0098
0.0361
-0.0078
0.1035
0.3477
0.1006
0.0195
0.0049
0.0059
-0.2529
0.2197
0.0283
-0.0039
0.0176
0.0615
-0.0586
-0.0117
0.2187
0.084
-0.0547
-0.0371
0.0068
-0.1846
-0.4336
0.1973
-0.0586
0
-0.0039
0.0723
-0.3076
0.0488
0.3057
-0.0156
-0.0215
0.0039
0.0107
-0.4316
0.1455
0.0801
0.0039
0.0146
0.0615
-0.0146
0.1035
0.2881
0.0029
-0.0898
0.001
0.0889
-0.1006
0.1523
0.3076
-0.0166
-0.002
0.0195
-0.0391
-0.3799
0.2051
0.0781
-0.002
-0.0098
0.1436
-0.1641
0.0889
0.3682
-0.0078
-0.0166
0.0215
-0.0293
-0.4209
0.1387
0.1299
-0.0039
-0.0049
0.1895
-0.4307
0.1396
0.2383
-0.0166
0.0059
0.0527
-0.0078
0.0752
0.2666
0.1719
0.0039
-0.0107
0.0273
-0.25
0.1211
0.2803
-0.0439
-0.041
-0.0791
0.0303
-0.2949
0.2705
-0.1064
-0.0068
-0.0059
0.1309
-0.3096
0.1641
0.0938
0.001
0.0479
0.1133
-0.2187
0.0498
0.3311
-0.0889
-0.0049
0.0752
-0.0791
0.0977
0.3457
-0.0273
-0.0244
-0.0195
0.0381
-0.3291
0.2422
0.0166
-0.04
-0.1006
0.127
-0.502
0.1289
0.1514
-0.0225
-0.0107
0.0537
-0.4766
0.1104
0.1074
0.041
-0.0645
0.0762
-0.2207
0.1963
0.3701
-0.0088
0.002
0.1494
-0.3213
0.3066
0.0713
-0.0215
0.0146
0.0273
-0.0332
-0.2871
0.2676
0.0908
-0.0313
0.0059
0.1104
-0.7061
0.21
0.1416
-0.0762
-0.0186
0.0322
-0.0313
0.1836
0.2461
0.0098
-0.0078
0.041
0.0127
-0.335
0.2725
-0.0332
-0.0439
0.0068
0.0596
-0.209
0.0811
0.3604
0.0049
-0.0225
0.083
-0.0947
0.1816
0.3076
0.0645
0.0098
0.0498
0.0703
0.1045
0.3164
0.0371
-0.0166
0.0264
0.1484
-0.4629
0.1875
0.0527
-0.0029
0.168
-0.5313
0.125
0.0039
-0.0361
0.1055
-0.4053
0.2949
0.1914
0.0332
-0.0039
0.2969
0.2598
-0.0361
0.0742
-0.4609
0.1113
0.2139
0.0098
0.1094
-0.4375
0.3594
-0.1162
0.1934
-0.5303
0.1553
-0.2236
0.0479
-0.4717
0.1924
0.1123
-0.041
-0.1055
0.1904
0.3291
0.0469
0.1475
-0.293
0.3857
-0.1357
0.2041
-0.333
0.3643
-0.1104
0.1113
-0.0137
0.3467
-0.0098
-0.1719
0.2822
0.2607
0.001
0.1699
0.416
0.1211
0.0322
0.0752
-0.3428
0.4512
-0.0068
0.0371
-0.043
0.3486
0.0615
0.0313
0.2217
0.2002
0.0322
0.0898
0.0977
0.2891
-0.0029
-0.1064
0.127
0.0361
0.0684
-0.6445
0.2568
0.1748
-0.04
-0.04
0.0059
-0.04
-0.0273
-0.0186
0.0107
-0.0068
0.002
0.0039
0.0059
0.0088
-0.0098
0.0156
0.0078
0.0088
-0.0107
-0.0059
0.0088
0.0078
-0.0039
0.0098
0.0225
0
-0.001
-0.0293
0.0508
-0.0107
-0.0156
0.001
0.001
0.0107
0.0088
-0.0186
-0.0283
-0.0127
0.0156
-0.0176
0.002
-0.0137
-0.0029
-0.0098
0.0225
-0.0068
-0.002
-0.0186
-0.0156
0.0322
0.0078
-0.0078
-0.0117
-0.0469
0.0225
0.0049
-0.0039
-0.001
0.0225
0.0137
-0.0078
0.0088
-0.0107
-0.0156
0.0107
0.002
0.0146
0.0313
0.0332
0.0146
0.04
0.04
0.0322
0.0342
0.0234
0.0283
0.0176
0.0234
0.0674
0.0508
0.0547
0.0752
0.0078
0.0244
0.0361
0.0342
0.0596
-0.0371
0.0225
-0.0098
0.0576
-0.0762
0.125
0.0635
0.0908
0.0889
0.0195
0.0166
0.0068
0.0176
0.084
-0.1758
0.1143
0.0518
0.1797
-0.0107
-0.002
0.0098
0.1074
-0.1562
0.0801
0.1104
0.043
-0.0137
0.0049
-0.042
0.0625
-0.0088
0.0166
-0.0283
0.0391
-0.001
-0.0107
-0.0166
0.0635
-0.0322
-0.2197
-0.1963
0.1104
0.0283
0.1611
-0.0049
0.0293
0.0811
-0.0908
0.1045
0.0049
0.0811
0.0127
-0.0752
0.1172
-0.0068
-0.0605
0.0635
-0.0664
0.0342
-0.0146
0.1055
-0.0137
0.1328
0.0557
0.1406
0.0498
-0.0342
0.0566
-0.1328
0.0166
-0.0146
-0.002
-0.0117
0.0137
-0.0186
0.0469
0.0107
0.0098
0.0068
0.0264
0.0215
0.0195
0.0088
0.0322
0.0127
0.0176
0.0137
0.0361
0.0537
0.0283
0.0088
-0.0381
0.0039
-0.0225
0.0303
0
-0.2236
-0.0146
0.0068
0.0342
0.0156
0.0215
0.0283
0.0244
0.0225
0.0244
0.0049
0.0244
0.0107
0.0146
0.0117
0.0283
0.0273
0.0293
0.0098
0.0313
0.0146
0.043
0.0254
0.0293
0.0205
0.0244
0.0234
0.0264
0.0225
0.0225
0.0176
0.0234
0.0215
0.0244
0.0156
0.001
0.0166
0.0117
0.0254
0.0234
0.0166
0.0146
0.0371
0.0176
0.0098
0.0195
0.0264
0.0264
0.0098
0.0215
0.0117
0.0586
0.0195
0.0889
0.0156
0.0508
-0.1436
0.0195
0.0273
0.0078
0.0293
0.0273
0.0361
0.0342
0.0332
0.043
0.0146
-0.0303
0.0342
-0.001
0.0215
0.0361
-0.0029
0.0244
0.0117
0.0459
0.0449
0.0039
0.0596
0.0313
0.0273
0.0537
-0.002
0.0439
0.0439
0.0381
0.0352
0.0234
0.0449
0.0039
-0.1084
0.1016
0.0664
0.0518
0.1572
0.0566
0.0098
0.0156
0.0117
0.0107
0.0088
-0.001
0.0215
-0.0068
0.0039
0.0117
0.0254
0.0078
0.0117
0.0166
0.0293
0.0186
0.002
0.0107
0.0029
0.0215
0.0225
0.0244
0.0215
0.0205
0.0186
0.0254
0.0078
0.0244
0.0098
0.0137
0.0283
0.0244
0.0107
0.0205
0.0107
0.0244
0.0244
0.0225
0.0352
0.0254
0.0303
0.0332
0.0225
0.0107
-0.0098
0.0234
0.0361
0.0117
0.0254
0.0195
0.0225
0.0215
0.0117
0.0068
0.0215
-0.0088
0.0273
0.0137
0.0039
0.0381
0.0371
0.0781
-0.1045
-0.0283
0.0664
0.1055
0.1768
0.0967
0.002
0.0146
0.043
0.0049
-0.2363
0.083
0.2412
-0.0791
-0.0029
0.0205
0.0537
-0.2373
0.0693
0.248
-0.1523
0.0039
0.0117
0.0469
0.0518
0.1025
0.2197
0.1162
-0.0195
0.0117
0.0381
0.0313
-0.252
0.0957
0.1299
-0.0078
-0.0068
0.0449
-0.0947
-0.084
0.1807
0.1514
0
0
0.0742
0.1123
0.1074
0.2324
-0.0107
-0.0234
0.0039
0.1377
-0.1836
0.0215
0.332
0.0234
0.041
-0.0098
0.1416
-0.3447
-0.0039
0.2754
-0.0176
-0.0127
-0.001
-0.041
-0.334
0.167
0.0986
-0.0156
0.002
0.0957
-0.0645
-0.2637
0.1904
-0.002
-0.0381
0.0117
0.0811
-0.4199
0.0732
0.1768
-0.0049
-0.0547
-0.0049
0.0566
0.0645
-0.3242
0.165
0.084
-0.0234
0.0088
0.1094
-0.2363
0.0361
0.3193
0.0068
0.0342
0.0615
0.0166
-0.1914
0.2402
0.0693
-0.0107
-0.0049
0.1191
-0.3525
0.1816
0.0918
0
-0.0625
0.041
-0.0361
0.0449
0.3066
0.0508
-0.0156
0.0898
0.1641
0.0908
0.3066
0.0371
0.0137
0.0869
-0.084
0.1045
0.29
0.0107
-0.0215
0.0713
-0.1475
0.1904
0.2607
0.0234
-0.0225
0.0273
-0.0273
-0.0117
0.2207
0.0342
-0.0283
0.0225
0.0859
-0.2676
0.2764
-0.0342
-0.0049
-0.0088
0.041
-0.4297
0.1406
-0.002
-0.0039
-0.0146
0.1475
-0.3018
0.0225
0.2588
-0.0068
-0.0117
0.0605
-0.21
0.0234
0.2832
-0.0322
0.0068
0.0762
-0.1475
0.0908
0.2881
0.0498
0.0059
0.0029
0.127
-0.2822
0.1396
0.1436
-0.0186
-0.001
0.1055
-0.3486
0.2031
0.0176
-0.0059
-0.0107
0.1094
-0.6426
0.1895
0.1729
-0.0107
0.0078
0.0498
0.0869
0.1865
0.3301
-0.0518
0.0039
0.0518
0.083
-0.3359
0.251
0.0313
-0.0088
0.0137
-0.0127
-0.2217
0.3457
0.0283
-0.0225
-0.0059
-0.085
-0.2881
0.2705
0.0527
-0.0049
0.0498
-0.0801
0.1982
0.3867
0.0107
-0.0137
0.0566
-0.3779
0.0186
0.249
0.0059
-0.0059
0.0234
-0.0361
0.2354
0.3125
0.0303
0.0068
0.0195
-0.0381
-0.1621
0.1602
-0.0645
0.0234
0.0234
-0.0352
0.0205
0.2656
0.0635
0.0605
-0.0527
-0.001
0.0518
-0.1328
0.1006
0.3506
-0.0088
0
0.0479
0.0156
-0.3633
0.1074
0.0664
0.002
-0.0127
0.1562
-0.1895
0.0166
0.2676
-0.0078
-0.0205
0.0781
-0.2119
0.0996
0.2305
0.0313
-0.0137
-0.0488
-0.1592
0.2334
-0.002
0.0498
0.1094
-0.3867
0.2275
0.0986
0.0088
0.0771
-0.2549
0.2832
0.0791
0.0225
-0.1396
0.0859
0.3584
-0.1123
0.0566
-0.2236
0.0938
0.2764
-0.0068
0.1211
-0.6074
0.0732
0.042
0.0244
0.165
-0.4561
0.167
-0.0322
0.0254
-0.0518
0.1572
0.3438
0.0039
0.1074
-0.3076
0.2275
0.0967
-0.0684
0.1807
-0.54
0.3447
0.1006
-0.0049
0.1865
0.3262
0.3506
-0.0439
0.1553
-0.3066
0.1357
0.0957
-0.0039
0.123
-0.4824
0.1836
0.0381
0.0068
0.1426
-0.418
0.165
-0.0049
-0.0322
0.1191
-0.4619
0.0625
0.0566
0.0449
0.1465
-0.0049
0.2578
-0.0244
-0.0215
0.1436
-0.5381
0.1709
0.0811
0.0117
0.1123
-0.2432
0.3721
-0.0293
0.0322
0.0313
0.0117
0.3467
0.0508
0.123
-0.2705
0.2891
0.0166
0.0391
0.1387
-0.4766
0.168
0.1318
0.0371
-0.0166
0.0469
0.0898
0.0029
0.2041
-0.6309
0.2041
0.1807
-0.0078
-0.1279
0.1758
0.2002
0.0234
0.1172
-0.4746
0.1191
-0.0381
0.0146
-0.0957
0.1953
0.25
-0.043
0.1299
-0.209
0.1123
0.1152
-0.0293
-0.1279
0.1514
0.3027
-0.0479
0.1299
-0.5439
0.2627
0.1885
0.1172
-0.6777
0.1699
0.2227
0.0039
-0.0078
0.0762
0.4189
0.0039
0.2236
-0.5635
0.3623
-0.1406
0.0449
-0.458
0.1826
-0.0176
0.0986
-0.6387
0.3418
0.1006
0.0059
-0.0576
-0.0654
0.3154
-0.0283
0.1973
-0.0352
0.3223
-0.0488
0.1924
-0.6748
0.2451
-0.0381
0.1709
-0.5342
0.3428
0.1172
0.1318
-0.1338
-0.1318
0.249
-0.0303
0.041
-0.5781
0.2305
0.1885
0.1152
-0.4668
0.1328
0.0703
0.0107
0.0537
0.2012
0.3135
0.0313
0.0059
-0.252
0.1914
0.0693
0.0156
0.0254
0.2295
0.2949
-0.0664
0.1123
-0.4502
0.2354
0.0742
-0.002
-0.082
0.0039
0.3877
-0.1279
0.1377
-0.6182
0.248
0.0156
0.001
0.1436
-0.6318
0.2109
0.127
0.084
0.2461
0.1543
0.2969
-0.001
0.0439
-0.417
0.3701
0.124
0.1709
-0.4453
0.1816
0.001
-0.0225
0.083
0.1562
0.4111
0.0527
0.209
-0.6377
0.0635
-0.0117
0.0771
-0.2305
0.0967
0.0039
-0.0049
-0.165
0.2559
0.2275
-0.0332
0.2256
-0.5635
0.333
-0.0303
0.1338
-0.7373
0.3965
0.1162
0.1133
-0.6992
0.0918
0.0488
0.0439
0.0117
0.0039
-0.167
0.0332
0.2305
0
-0.0117
0.1426
-0.0918
0.1738
0.0977
0.0674
0.0078
-0.001
0.0869
-0.1436
0.0557
0.2354
0.0352
0.0127
0.0146
0.0137
-0.3672
0.0957
0.0586
-0.0049
0.0107
0.0449
-0.2666
0.0928
0.1592
0.0322
0.0107
0.0488
-0.085
-0.2842
0.0713
-0.0059
0.001
0.0703
0.0547
0.0352
-0.3877
0.0303
0.0703
0.0107
0.0078
-0.0068
0.1846
-0.3311
-0.0156
0.1914
0.0537
0.0166
0.0186
0.0371
0.0381
0.002
0.1094
0.0176
-0.0098
-0.0215
0.126
-0.6035
0.0615
0.0918
0.043
0.0225
0.0664
0.0156
-0.3867
0.1113
0.207
0.0029
-0.0078
0.0479
0.0967
-0.3018
0.0781
0.1309
0.0469
0
0.0049
0.0381
-0.0176
0.0029
0.1621
0.1025
-0.0039
0.0381
0.0225
0.1328
-0.2402
0.084
0.1875
-0.1152
0.0068
0.0322
-0.1045
-0.3457
0.0859
0.082
-0.0029
0.0137
0.1143
-0.2422
-0.0352
0.1143
0.0283
-0.0029
0.0264
-0.0967
-0.3242
0.0947
0.0146
-0.0596
0.0205
0.1045
-0.292
0.1787
0.3037
0.002
0.0098
0.1104
-0.3701
0.1016
0.1436
0.0029
-0.0039
0.1016
-0.4658
0.0908
0.0205
-0.0293
0.0059
0.0107
-0.3975
0.04
-0.0303
-0.0039
0.0342
0.1445
-0.416
0.0879
0.1172
0.0137
0.0518
-0.1387
0.1084
0.3252
0.1182
0.0039
0.1094
-0.2891
0.1475
0.1436
0.0088
0.0508
-0.0938
0.1445
0.2451
-0.0625
0.0146
0.1123
-0.3506
0.1592
0.0098
-0.0293
0.1826
-0.332
0.1172
0.1777
0.0156
0.0527
-0.0469
0.1748
0.3838
-0.0527
0.0244
0.0498
-0.2393
0.2793
0.0264
-0.0625
0.1709
-0.4463
0.3418
0.0859
0.0029
0.1582
-0.4932
0.3311
-0.0781
-0.0205
0.1084
-0.1113
0.0195
0.1953
-0.0322
-0.0156
0.0439
-0.0215
0.0996
0.2891
0.0566
0.0088
0.0322
0.1211
-0.3633
0.1318
0.0215
-0.0186
0.001
0.0566
-0.3154
0.1797
0.084
0.0166
-0.002
0.0566
0.1367
0.249
0.1221
0.0771
-0.0156
0.0137
0.042
-0.3252
0.1025
0.2295
0.0244
-0.0166
0.0283
-0.041
0.0332
0.0459
0.0732
0.1084
0.082
0.0459
-0.0225
-0.0469
0.0635
-0.0518
0.0254
0.1484
-0.0186
0.0117
0.0244
0.1104
-0.2949
0.1006
0.2656
-0.0029
0.0068
0.0254
-0.292
0.0225
0.2568
0.0596
-0.0771
0.2031
-0.3398
0.1494
0.0352
-0.0059
0.0557
-0.0547
0.1338
0.2383
0.0498
-0.0176
0.1074
-0.4512
0.083
0.0703
0.0645
0.126
-0.499
0.1895
0.1455
0.0088
0.0811
-0.5879
0.2129
0.1025
-0.0195
-0.082
-0.377
0.2949
0.0234
0.167
-0.0859
-0.0723
0.1992
-0.0166
0.0908
-0.2256
-0.0605
0.2412
0.0244
0.2187
-0.8174
0.2324
0.1006
0.0098
-0.1162
0.2002
0.3291
-0.0674
0.0859
-0.2891
0.1064
0.0713
-0.0273
0.1699
-0.4609
0.2783
-0.0039
0.0469
-0.209
0.0703
0.3496
0.0352
0.2158
-0.5352
0.3203
0.0781
0.0391
-0.1064
-0.0957
0.124
-0.0215
0.167
-0.5557
0.292
0.2168
0.1221
-0.3896
0.3057
0.0215
0.083
-0.4395
0.1553
0.0469
0.0615
-0.0791
-0.0049
0.3164
0.0146
0.0225
0.1621
0.3447
-0.043
0.1504
-0.4932
0.209
-0.0186
0.1943
-0.5723
0.2207
-0.0107
0.1592
-0.6152
0.3389
0.0781
0.1279
-0.4639
0.0928
0.1143
0.043
-0.0029
0.0938
0.251
-0.0117
0.1221
-0.0771
0.1641
0.1367
0.0078
0.1543
-0.4385
0.2471
0.1367
-0.002
0.0186
0.0957
-0.0117
0.2461
0.0879
-0.0049
0.0068
0.084
-0.3193
-0.0459
0.2275
0.0303
0.2129
0.1152
-0.3359
0.0303
0.0332
-0.0127
0.0303
0.2021
-0.335
0.1738
0.0605
-0.0391
0.0859
-0.0049
0.0693
0.0908
0.0771
-0.0352
0.0654
-0.4736
0.1807
0.1221
-0.0049
0.1084
-0.3057
0.042
0.085
0.0527
0.0283
-0.0059
0.0195
-0.0039
0.001
-0.0166
-0.001
-0.0049
0.0234
0.0898
0.0039
0.1846
0.082
0.082
0.0381
-0.0176
-0.0029
0.0869
-0.1387
0.0615
0.1182
0.001
-0.04
0.0527
0.1406
-0.3223
0.1465
0.1787
0.0635
0.043
0.1016
-0.0225
0.0723
0.0869
0.0723
0.0039
-0.0117
0.0859
-0.3975
0.0957
0.2578
0.0068
0.001
0.0703
-0.2295
0.0488
0.21
-0.0234
0.0234
0.0098
0.0654
-0.4922
0.0244
0.1846
-0.0244
-0.002
0.0361
-0.0586
-0.2451
0.1992
-0.0205
0.0098
0.0078
0.0498
0.0742
0.2256
0.0908
-0.0576
0.0127
0.0752
0.0049
0.041
0.1943
0.0107
0.0303
0.04
0.1367
-0.0498
0.1348
0.2676
-0.1143
-0.0078
0.1436
-0.2256
0.2021
0.3086
-0.0146
-0.0029
0.042
-0.3584
0.041
0.208
-0.0068
0.0459
0.0889
-0.4521
0.2656
0.1367
-0.0293
0.04
0.0225
-0.2627
0.1611
0.041
-0.002
0.1084
-0.1094
-0.0088
0.3018
-0.0361
0.0068
-0.0527
-0.0293
0.3828
-0.0283
0.001
0.1416
-0.543
0.2559
-0.0928
0.0029
0.1787
-0.3389
0.0156
0.0264
-0.0693
0.1172
-0.4023
0.0732
0.1182
-0.0371
-0.0254
-0.0068
0.001
-0.0088
-0.001
0
0.0205
0.0273
0.1211
-0.2637
0.0498
0.2041
0.0127
0.0049
0
0.1055
-0.3496
0.0127
0.1758
0.0596
0.0068
0.1436
-0.1367
-0.0264
0.2129
-0.1875
0.0039
0.0537
-0.0879
-0.2246
0.0625
0.0693
0.001
-0.0215
0.1787
-0.3213
0.0439
0.3164
0
0.1982
-0.5342
0.0996
-0.0879
0.0166
-0.1982
0.0322
0.1709
0.0137
-0.0576
-0.2266
0.4375
0.04
0.1484
-0.5684
0.4414
0.1426
0.2559
0.1104
0.2285
0.0176
-0.0771
0.3389
0.29
0.043
0.0391
0.0459
0.1768
0.1709
-0.6768
0.291
0.1289
0.2314
0.0498
0.1348
0.0264
-0.5068
0.2168
-0.0596
0.1084
-0.3389
0.3545
0.1084
0.3623
0.502
-0.0547
-0.0615
-0.0508
-0.0244
-0.0313
-0.0391
-0.0518
0.001
0.002
-0.001
-0.0117
-0.0127
-0.0137
-0.0283
-0.0264
-0.0264
-0.0049
-0.0029
-0.0156
-0.0146
0.0039
-0.0234
-0.0215
-0.085
0.0166
0.085
0.0479
0.0449
-0.0605
0.0107
0.0479
0.1182
0.1143
-0.0703
-0.0068
-0.0713
0.0605
0.0117
-0.0254
0.0498
0.0176
-0.0313
0.0449
0.0713
0.0029
0.0225
-0.0283
-0.0107
-0.0117
0.0244
0.0186
-0.0205
0.001
0.0166
-0.0244
-0.0049
-0.0137
0.0039
0.0107
0.0283
0.0186
-0.0166
0.041
0.0127
0.0059
0.0215
0.0254
0.0078
0.125
0.0068
0.0234
0.0264
0.0293
-0.04
0.0244
-0.0264
0.0576
0.0703
0.0371
0.0674
-0.0459
0.0654
0
-0.0322
-0.0977
0.1016
-0.083
0.0176
-0.0605
0.0332
0.0215
0.0313
-0.0742
0.0186
-0.0176
-0.0479
0.0527
0.0107
-0.0049
-0.0254
-0.0127
0.0088
0.0762
-0.0078
-0.0293
-0.0469
0.0059
-0.002
0.084
0.0313
-0.0176
-0.0088
0.0625
-0.0039
0.0088
0.001
0.0742
0.001
0.0117
-0.0068
-0.0039
0.0049
-0.0146
-0.0088
0.0596
0.0117
-0.0078
0.0664
0.0488
0.0479
0
0.0244
0.0049
0.0107
0.0127
0.0068
0.0059
0.0254
0
0.0059
0.0059
0.0234
0.0566
-0.0313
0.0313
0.0625
0.0947
0.168
0.0195
0.0098
0.0127
0.0342
-0.0625
0.2256
0.0732
0.2041
0.1602
0.0498
0.0029
0.1641
-0.5068
0.0645
0.2627
-0.0107
-0.002
0.0449
-0.0117
0.0596
0.1357
0.0234
0.0107
0.0264
0.1025
-0.1934
0.2432
0.0967
-0.0205
0.0225
0.0342
-0.1738
0.1553
0.0273
0.0107
0.0576
-0.0215
0.3516
0.1582
0.1143
-0.0186
0.0137
-0.0059
0.1504
0.3066
-0.0137
-0.0176
0.0479
-0.3926
0.1592
0.1562
-0.0029
-0.0029
0.1396
-0.4424
0.0947
0.1826
-0.0107
-0.0166
0.085
-0.3994
0.1328
0.2158
-0.0283
-0.0537
0.0732
-0.2402
0.0557
0.1963
-0.0098
0.0098
0.2002
-0.5635
0.0762
0.208
-0.0059
0.0176
0.0986
-0.4971
0.1006
0.0547
-0.0107
0.0234
0.1396
-0.3721
0.125
0.0771
0.0029
-0.0127
0.0234
-0.1152
0.0547
0.0322
0.0059
0.0537
-0.1641
0.1338
0.2314
0
0.0156
0.0938
-0.3008
0.2031
0.1201
-0.0088
0.0068
-0.0908
-0.3535
0.2002
0.0225
-0.0703
0.0713
-0.2402
0.0225
0.1572
0.002
-0.0234
0.1016
-0.5264
0.1523
0.1621
0.0078
-0.0029
0.0635
-0.4316
0.0918
0.0156
-0.0264
0
0.0537
0.167
0.2354
-0.1875
0
0.1719
-0.4844
0.1074
0.2803
-0.0244
0.0029
0.0313
-0.1514
0.1396
0.0498
-0.0039
0.0938
-0.248
0.1963
0.2715
0.0234
0.0117
0.041
0.0732
-0.3428
0.1016
0.2676
-0.0537
-0.0479
0.0557
-0.1416
0.1396
0.2314
-0.0859
0.0225
0.0889
-0.2227
0.0068
0.2705
0.041
0.0049
0.1436
-0.4189
0.0703
0.1299
0.0127
-0.0186
-0.0156
-0.3887
0.2393
0.1045
-0.0342
0.0039
-0.2373
0.1602
0.3867
-0.0732
-0.0088
0.0615
0.0449
0.0664
0.2988
0.0869
-0.0449
0.0547
-0.292
0.293
0.1104
0.0068
-0.0254
-0.042
0.0439
-0.1465
0.0518
0.2666
0.0488
-0.0029
0.0674
-0.1875
0.0537
0.2588
0.0557
-0.0098
0.0381
-0.0811
0.2217
0.2773
-0.0029
-0.0049
0.001
-0.0342
-0.4561
0.1689
0.1035
-0.0078
-0.0186
0.1572
-0.4199
0.0645
0.1113
0.0029
-0.0283
0.0947
-0.4492
0.1025
0.1963
0.0049
-0.043
0.1064
-0.1699
0.0645
0.2451
-0.0303
-0.0088
0.0449
-0.2236
0.0664
0.2393
0.0059
-0.0166
0.0986
-0.1758
-0.0596
0.2783
0.042
-0.0195
0.0771
-0.1768
0.1289
0.293
-0.04
-0.0078
0.0703
-0.0488
0.2129
0.3252
-0.041
-0.0049
0.0635
0.0313
0.0537
0.2754
0.2695
-0.0107
-0.0537
0.0742
-0.2725
0.0791
0.1758
-0.002
-0.0059
0.083
-0.4023
0.0322
0.1885
-0.0273
0.0488
0.0313
-0.3867
0.0518
0.3184
0.0049
-0.0137
0.0352
0.1074
-0.2637
0.1084
0.2617
0.084
-0.0322
0.0664
-0.2119
0.041
0.3818
0.0898
-0.0283
0.1562
-0.0244
0.2852
-0.0254
-0.001
-0.0137
0.1406
0.3613
0.0908
-0.04
-0.1055
0.3213
0.3018
-0.2051
0.0332
0.0156
0.3203
0.3311
-0.0498
0.1045
-0.0146
-0.0342
0.127
0.0195
0.1416
-0.4746
0.2129
0.0508
0.0313
-0.0049
-0.4277
0.2314
-0.0547
-0.0205
0.0205
0.0088
0.1865
-0.002
0.2012
-0.6738
0.2266
-0.1777
0.0391
0.0723
0.1338
0.1475
-0.0127
0.1885
-0.5098
0.2725
0.0869
-0.0508
-0.0361
-0.0703
0.3359
-0.0723
0.1328
-0.4922
0.3379
-0.0264
-0.0518
0.0107
-0.2256
0.1885
0.0547
0.0957
-0.4941
0.0039
0.1982
0
-0.0693
0.0186
-0.0166
-0.377
0.1816
0.0537
-0.0186
0.0674
-0.0596
0.1152
0.2646
0.0479
0.0313
0.0713
-0.374
0.1045
-0.1338
-0.002
-0.0166
0.0947
-0.4287
0.1357
0.1484
0.0166
-0.0361
0.0625
-0.0352
0.1699
-0.1533
-0.0615
0.0439
-0.0518
0.1484
0.2822
0.2256
-0.0127
0.0977
-0.2891
0.0596
0.0117
0.0059
-0.0059
-0.0264
0.0166
0.0693
0.0488
0.3428
0.124
0.1123
-0.0098
-0.0557
0.0713
0.0449
0.2246
-0.1748
-0.0732
0.1006
-0.1406
0.0322
0.3359
0.002
-0.0459
0.1494
-0.4824
0.1895
0.3174
-0.0156
-0.0186
0.1562
-0.5264
0.1777
0.1396
-0.002
-0.0146
0.0645
-0.3506
0.1426
-0.1475
-0.0469
0.0146
0.0332
-0.3799
0.1807
-0.0547
-0.042
-0.0107
0.0859
-0.5439
0.1465
0.0186
-0.0166
-0.0156
-0.0557
-0.3545
0.1396
0.0967
0.0176
-0.0381
0.1045
-0.4414
0.0498
0.1416
-0.0449
0.0254
0.0107
0.0547
0.2383
-0.0459
0.0596
0.1045
-0.2158
0.0557
0.2217
-0.0049
0.0352
0.0752
-0.2842
0.0967
0.0068
0.0234
-0.0137
0.1592
-0.4521
0.1748
0.0176
0.0146
0.0986
-0.0605
0.1641
0.3799
0.0645
0.0244
0.0586
-0.418
0.1934
0.2148
-0.0078
-0.0156
0.1025
-0.4141
0.1943
-0.2822
-0.0156
0.0586
-0.1719
0.125
0.2676
-0.0791
0.0107
0.1963
-0.2939
0.1426
0.1582
-0.0557
-0.04
0.0117
-0.5029
0.1953
0.0693
-0.0645
0.0752
-0.2217
0.0654
0.3984
-0.0342
0.0244
0.1162
-0.4189
0.2139
0.0479
0.0049
0.041
-0.209
0.084
0.3232
-0.0049
-0.0049
0.001
-0.041
-0.0381
0.3887
0.0352
-0.0342
0.0703
-0.0898
0.0732
0.3135
-0.0078
-0.0303
0.1152
-0.6064
0.1768
0.1611
-0.0352
0.0166
-0.0703
-0.3291
0.2627
0.041
-0.0313
0.0693
0.002
0.1045
0.2119
-0.0156
-0.0244
0.0752
-0.2998
0.2803
0.2451
0.0059
0.0186
0.043
-0.1357
0.1611
-0.0264
-0.0068
0.082
-0.1104
0.0352
0.2637
0.0205
-0.001
0.1152
-0.4609
0.1162
0.2725
0.0244
0.0029
-0.0566
0.0322
0.2139
0.3594
-0.0049
0.0527
-0.4023
0.082
0.1631
-0.0215
-0.002
-0.124
-0.0869
0.1631
0.1416
-0.0527
0.0811
-0.1758
0.0088
0.2861
-0.043
-0.0117
0.0918
-0.2549
0.1201
0.0527
-0.0273
0.0127
0.0186
0.2949
0.3848
0.167
0.042
0.0889
-0.4775
0.2451
0.1777
-0.0098
0.0234
-0.0566
-0.251
0.123
-0.127
0
0.1094
-0.3652
0.124
0.0811
-0.0303
0.0264
0.0889
-0.4014
0.1943
0.0674
0.0059
0.0332
0.1406
0.082
0.3232
0.1777
-0.0371
0.0596
-0.3203
0.2549
0.2314
0.0088
-0.0205
-0.0332
-0.4102
0.2129
-0.252
-0.002
0.042
-0.0205
0.1689
0.3379
-0.0654
-0.0195
0.1094
-0.5625
0.083
0.0449
-0.0039
-0.001
-0.0078
-0.0918
0.2217
0.041
-0.0342
0.1025
-0.3438
0.2666
0.0166
-0.1055
0.0225
0.042
0.0391
0.1416
0.1836
0.1494
0.0332
0.0654
0.0098
0.0039
0.3564
-0.0352
-0.043
0.1406
-0.3457
0.127
0.1729
-0.0674
-0.0537
0.1172
-0.3252
0.1992
0.1045
-0.002
0.0078
-0.1436
-0.3164
0.2656
-0.001
-0.0068
0.0947
-0.2373
0.0303
0.3613
-0.0156
0.001
0.1758
-0.4824
0.165
-0.083
0.0586
-0.0273
-0.0342
-0.3301
0.1768
0.1836
-0.0186
0.0244
-0.0049
0.1914
0.3604
-0.0361
-0.0039
0.1074
-0.2393
0.1465
0.3555
0.0088
-0.0273
0.0957
-0.4785
0.2646
-0.002
-0.0166
0.0098
-0.0713
0.1074
0.4297
0.0938
0.0166
0.1377
-0.3389
0.1494
0.1289
-0.0889
-0.0166
0.0713
-0.4844
0.1787
0.0537
-0.0449
0.0283
0.04
-0.332
0.2002
-0.3301
-0.1152
0.0166
-0.0703
0.1465
0.2705
0.126
-0.0107
0.0303
-0.2002
-0.0068
0.2676
-0.1406
-0.0107
0.1738
-0.1631
0.1465
0.0732
-0.0713
-0.0166
-0.0166
-0.4092
0.1328
0.0107
-0.0391
-0.0117
0.1143
-0.2061
0.1729
0.2422
-0.0186
-0.0117
0.0479
0.0947
0.1904
0.2148
-0.0127
0.04
0.0088
-0.0732
-0.3438
0.1191
0.043
-0.0654
-0.0225
-0.043
-0.1074
0.085
0.1338
0.0098
-0.0127
-0.0273
0.0039
0.0098
0.1113
-0.1914
0.0088
0.1191
0.0859
-0.0225
-0.0283
0.0342
-0.0264
0.124
0.0703
0.0283
-0.0205
0
0.0234
-0.1953
0.043
0.2139
0.0596
-0.0254
0.0547
-0.459
0.1191
0.2461
-0.0498
-0.0293
0.0156
-0.2695
0.1543
0.0576
-0.0273
0.0928
-0.251
0.0732
0.3594
0.1055
0.0225
-0.0254
-0.0137
0.2363
0.1582
-0.0068
0.2305
-0.4678
0.21
0.0449
-0.0205
0.0615
-0.2891
0.1465
0.0664
-0.0381
0.0693
-0.459
0.1777
0.1924
-0.0361
0.1025
-0.0771
0.373
0.0752
0.0537
-0.3945
0.1113
0.1367
0.0254
0.1797
-0.5371
0.1865
-0.0449
0.0127
0.1602
-0.4844
0.2295
-0.0488
-0.0068
-0.0254
0.2168
0.2939
-0.0732
-0.0781
0.0313
-0.2939
0.2266
0.0752
0.0244
-0.0557
0.291
0.3525
0.0664
-0.002
-0.0244
0.252
0.29
0.0176
0.0684
-0.1465
0.0059
0.2998
0.041
0.1797
-0.6074
0.2148
0.1777
-0.0283
-0.0166
-0.4453
0.1992
0.123
-0.0283
-0.1904
0.1973
0.3662
-0.1953
0.0977
-0.3291
0.0293
0.333
-0.0479
0.0459
-0.4307
0.1768
-0.0674
-0.0166
0.1338
-0.4697
0.2354
0.0234
-0.0176
0.0781
-0.3643
0.2881
-0.1426
0.0059
0.1689
-0.498
0.1465
-0.001
0.0166
0.1514
-0.4746
0.168
0.1689
-0.0176
0.0264
-0.417
0.2979
0.0625
-0.0146
-0.0449
-0.4229
0.2139
0.2168
-0.041
0.1855
-0.3525
0.2363
-0.1416
-0.0244
-0.0391
0.1562
0.334
-0.0313
0.0801
-0.2061
0.082
0.042
-0.0576
0.084
-0.3105
0.1025
0.0664
0.0117
0.126
-0.6055
0.1484
0.1846
-0.0273
0.0781
-0.4316
0.1758
0.1348
0.0225
-0.0381
0.0332
0.248
0.0137
0.0889
-0.4424
0.2754
0.2031
-0.0547
0.0898
-0.5566
0.3008
0.0557
0.0273
-0.0869
0.2373
0.2119
-0.04
0.1689
-0.4795
0.1143
-0.0752
0.0723
-0.2666
0.2588
0.1738
0.0088
-0.1953
0.1934
0.2676
-0.0615
0.1699
-0.542
0.2002
0.1865
0.084
-0.4814
0.1123
-0.0098
0.0586
-0.207
-0.0166
0.2539
0.0762
-0.3682
0.1797
-0.0518
0.0947
-0.5645
0.3496
-0.2422
0.1777
-0.6475
0.2656
0.0127
0.1514
-0.0039
0.3867
0.0479
0.0908
0.0156
0.3154
0.0225
-0.6758
0.3506
-0.083
-0.0508
-0.0625
-0.002
0.0127
-0.0439
-0.0156
-0.0889
-0.0117
-0.0635
-0.0088
0.0156
-0.0039
-0.0088
-0.0088
-0.0078
-0.0117
0.0186
-0.0801
-0.0273
0.0078
-0.0371
0.0537
0.042
-0.0195
-0.0254
-0.0605
-0.0293
-0.0439
0.0537
0.0166
-0.0117
-0.0215
0.0195
0.0068
0
0.0059
-0.0166
-0.0264
-0.0215
-0.0293
-0.001
0.002
-0.0127
0.0234
-0.0098
-0.0098
-0.0225
-0.0459
0.0156
0.0127
0.001
0
0.0068
0.0215
-0.0293
0.0117
0.0283
-0.002
0.0049
0.0273
0.1318
0.0342
0.0293
0.0107
0.0479
0.0088
0.0156
-0.0225
-0.0088
0.0205
0.0127
0.0068
-0.0498
0.0176
0.0039
0.0068
0.0107
-0.0107
0.0186
0.0107
-0.0205
-0.0068
0.0107
0.0576
0.0244
0.001
-0.0098
0.0137
0.0098
0.0176
-0.1357
0.0645
0.0674
0.0635
0.1104
0.0254
0.0117
0.0098
0.0049
0.0928
-0.0635
0.0352
0.1299
0.1738
-0.1318
0.0088
0.0059
0.1201
-0.1572
0.0742
0.0234
0.0283
0.0303
-0.0488
0.0957
-0.0518
0.1445
0.0693
-0.0273
0.0195
0.0029
-0.002
0.1006
-0.3115
0.1201
0.1758
0.0068
-0.0176
0.0313
0.0498
-0.2715
-0.0889
0.1475
0.0146
-0.0137
-0.0107
0.0742
-0.1045
0.042
0.1113
-0.1084
-0.0039
0.0098
0.0791
-0.1064
0.0625
0.1514
-0.0049
0.0107
-0.0186
0.1152
-0.2764
0.0166
0.127
0.1201
0.001
0.0361
0.1299
-0.3574
-0.0107
0.1172
-0.0283
-0.0322
-0.0205
-0.0049
-0.0088
-0.0068
-0.0088
-0.0107
-0.0059
0.0049
0.002
0.0352
-0.1289
0.125
0.0117
0.0225
0.0234
0.0244
-0.0078
-0.0049
-0.0068
0.0049
0.0068
0.0078
-0.002
-0.0029
0.0098
0.0137
0.0039
0.0088
0.0078
-0.0088
0.0205
0.043
0.0059
-0.0156
-0.0049
0.0078
0.0244
-0.043
-0.0176
-0.0039
0.0186
0.002
0.0078
0.0068
0.0342
-0.0078
0.0342
-0.0039
0.0059
0.0156
0.0195
0.0117
-0.0107
0.043
0.0039
0.0195
-0.0078
0.0068
0.207
-0.0371
-0.0078
-0.0029
0.0098
0.0078
-0.0059
0.0137
0.0137
0.0049
-0.0146
0.0195
0.1025
-0.0117
-0.0146
0.0215
0.001
-0.0127
-0.0186
0.0205
0.0176
-0.0176
-0.0146
0.001
0.0088
-0.0029
-0.0176
0.0117
0.0088
-0.0098
-0.0039
0.0127
0.001
-0.0059
0.0264
-0.0039
-0.0293
0.0508
0.0293
-0.0762
0.0088
0.0195
0.0127
0.0127
0.0156
0
-0.0205
-0.0039
0.0205
0.041
-0.0293
0.0127
0.0117
0.0244
-0.042
0.0391
0.0049
0.0068
0.0107
0.0117
0.0225
0.0176
-0.0127
-0.0166
0.0078
0.0205
0.0449
-0.0166
0.002
0.0244
0.0186
0.0068
-0.0449
0.0713
0.0566
0.0098
0.123
0.0469
-0.0225
-0.0234
0.0264
0.1484
0.0713
0.043
0.0469
-0.0117
0.0557
-0.0049
0.0068
0.001
0.0127
0.0264
-0.0039
0.043
0.0254
0.0244
0.0313
0.0107
0.0479
0.0322
0.0391
0.0371
0.0391
0.04
0.0371
0.04
0.0352
0.0352
0.0361
0.041
0.042
0.043
0.0381
0.0381
0.0381
0.0381
0.0352
0.0488
0.0381
0.042
0.042
0.0361
0.0371
0.04
0.042
0.043
0.0273
0.0293
0.043
0.0371
0.0352
0.042
-0.001
0.041
0.0371
0.0254
0.0586
0.0264
0.0391
0.0391
0.0459
0.0322
0.042
0.0498
0.0381
0.042
0.0371
0.0391
0.0352
0.04
0.0479
0.0371
0.0313
0.0439
0.0098
0.0928
0.0596
-0.0059
0.0313
0.0195
0.0176
0.0146
0.0137
0.0078
0.0459
0.0225
0.0215
0.0469
0.0215
0.0244
0.04
0.0264
0
0.0498
0.0391
0.0762
0.0234
0.0566
0.0283
0.0508
0.0391
0.0703
0.0293
0.0586
0.0879
0.0752
0.085
0.0703
0.0566
0.0527
0.0391
0.0566
0.0635
0.0488
0.0693
0.0635
0.042
0.0674
0.0518
0.0557
0.1523
0.0215
0.0391
0.0527
0.0508
0.0625
0.0098
0.0684
0.0703
0.7813
0.626
-0.1611
-0.3115
-0.4961
-0.4004
-0.4795
-0.6279
-0.7266
-0.8164
-0.7529
-0.6934
-0.8193
-1.0078
-0.8115
-0.6367
-0.8428
-0.8184
-0.6963
-1.0576
-0.71
-0.1963
0.0537
-0.0488
-0.3965
-0.499
-0.3369
0.0059
0.1387
0.5469
-1.8955
-0.0283
-0.0332
-0.0303
-0.0332
-0.0303
-0.0332
-0.0322
-0.0322
-0.0313
-0.0352
-0.0303
-0.0342
-0.0273
-0.0322
-0.0293
-0.0342
-0.0283
-0.0293
-0.0322
-0.0293
-0.0332
-0.0303
-0.0322
-0.0293
-0.0332
-0.0322
-0.0342
-0.0303
-0.0264
-0.0371
-0.0303
-0.0322
-0.0313
-0.0303
-0.0322
-0.0342
-0.0293
-0.0303
-0.0313
-0.0313
-0.041
-0.0313
-0.0283
-0.0293
-0.0293
-0.0293
-0.0313
-0.0283
-0.0283
-0.0293
-0.0313
-0.0293
-0.0303
-0.0293
-0.0303
-0.0283
-0.0313
-0.0283
-0.0313
-0.0273
-0.0303
-0.0283
-0.0283
-0.0332
-0.0283
-0.0283
-0.0303
-0.0254
-0.0293
-0.0273
-0.0303
-0.0293
-0.0313
-0.0264
-0.0332
-0.0273
-0.0283
-0.0283
-0.0313
-0.0293
-0.0332
-0.0293
-0.0293
-0.0293
-0.0332
-0.0273
-0.0322
-0.0313
-0.0283
-0.0254
-0.0273
-0.0273
-0.0313
-0.0303
-0.0313
-0.0293
-0.0322
-0.0313
-0.0273
-0.0273
-0.0273
-0.0332
-0.0313
-0.0283
-0.0303
-0.0352
-0.0273
-0.0303
-0.0283
-0.0293
-0.0322
-0.0283
-0.0313
-0.0313
-0.0342
-0.0293
-0.0283
-0.0273
-0.0303
-0.0313
-0.0283
-0.0264
-0.0273
-0.0303
-0.0293
-0.0342
-0.0293
-0.0303
-0.0283
-0.0293
-0.0293
-0.0293
-0.0254
-0.0313
-0.0273
-0.0283
-0.0293
-0.0303
-0.0322
-0.0293
-0.0293
-0.0293
-0.0234
-0.0273
-0.0264
-0.0313
-0.0283
-0.0273
-0.0322
-0.0264
-0.0313
-0.0303
-0.0313
-0.0293
-0.0313
-0.0293
-0.0313
-0.0313
-0.0313
-0.0293
-0.0283
-0.0303
-0.0283
-0.0283
-0.0371
-0.0293
-0.0283
-0.0283
-0.0293
-0.0293
-0.0283
-0.0283
-0.0293
-0.0283
-0.0303
-0.0293
-0.0273
-0.0303
-0.0313
-0.0273
-0.0322
-0.0313
-0.0293
-0.0313
-0.0303
-0.0303
-0.0313
-0.0293
-0.0332
-0.0293
-0.0293
-0.0264
-0.0332
-0.0293
-0.0293
-0.0303
-0.0293
-0.0293
-0.0303
-0.0283
-0.0283
-0.0303
-0.0342
-0.0322
-0.0322
-0.0283
-0.0303
-0.0322
-0.0283
-0.0293
-0.0283
-0.0303
-0.0303
-0.0264
-0.0303
-0.0313
-0.0322
-0.0313
-0.0293
-0.0254
-0.0283
-0.0313
-0.0283
-0.0293
-0.0293
-0.0293
-0.0303
-0.0303
-0.0313
-0.0313
-0.0303
-0.0293
-0.0313
-0.0303
-0.0283
-0.0283
-0.0322
-0.0293
-0.0313
-0.0283
-0.0303
-0.0332
-0.0293
-0.0283
-0.0283
-0.0352
-0.0293
-0.0303
-0.0293
-0.0342
-0.0293
-0.0303
-0.0273
-0.0313
-0.0283
-0.0293
-0.0303
-0.0283
-0.0303
-0.0303
-0.0322
-0.0313
-0.0283
-0.0293
-0.0273
-0.0303
-0.0313
-0.0273
-0.0313
-0.0293
-0.0293
-0.0293
-0.0322
-0.0303
-0.0303
-0.0264
-0.0313
-0.0313
-0.0273
-0.0303
-0.0342
-0.0293
-0.0244
-0.0254
-0.0352
-0.0283
-0.0313
-0.0283
-0.0313
-0.0313
-0.0244
-0.0293
-0.0293
-0.0293
-0.0303
-0.0322
-0.0293
-0.0283
-0.0303
-0.0303
-0.0283
-0.0313
-0.0283
-0.0332
-0.0273
-0.0313
-0.0264
-0.0303
-0.0283
-0.0322
-0.0313
-0.0293
-0.0303
-0.0283
-0.0322
-0.0273
-0.0273
-0.0322
-0.0322
-0.0303
-0.0293
-0.0303
-0.0273
-0.0283
-0.0293
-0.0283
-0.0313
-0.0283
-0.0322
-0.0313
-0.0283
-0.0273
-0.0283
-0.0283
-0.0303
-0.0293
-0.0303
-0.0313
-0.0332
-0.0303
-0.0283
-0.0283
-0.0303
-0.0293
-0.0313
-0.0293
-0.0332
-0.0273
-0.0313
-0.0322
-0.0332
-0.0303
-0.0322
-0.0313
-0.0293
-0.0283
-0.0303
-0.0264
-0.0283
-0.0283
-0.0293
-0.0264
-0.0313
-0.0313
-0.0293
-0.0303
-0.0273
-0.0264
-0.0313
-0.0293
-0.0322
-0.0273
-0.0283
-0.0322
-0.0293
-0.0313
-0.0322
-0.0313
-0.0303
-0.0283
-0.0293
-0.0293
-0.0293
-0.0322
-0.0293
-0.0293
-0.0303
-0.0283
-0.0283
-0.0303
-0.0273
-0.0283
-0.0303
-0.0332
-0.0303
-0.0303
-0.0313
-0.0293
-0.0283
-0.0313
-0.0273
-0.0313
-0.0293
-0.0303
-0.0322
-0.0273
-0.0293
-0.0322
-0.0273
-0.0283
-0.0322
-0.0303
-0.0313
-0.0293
-0.0293
-0.0303
-0.0293
-0.0293
-0.0273
-0.0283
-0.0322
-0.0273
-0.0244
-0.0293
-0.0313
-0.0303
-0.0313
-0.0254
-0.0293
-0.0303
-0.0303
-0.0283
-0.0293
-0.0283
-0.0264
-0.0283
-0.0283
-0.0283
-0.0322
-0.0303
-0.0283
-0.0293
-0.0283
-0.0313
-0.0303
-0.0283
-0.0313
-0.0283
-0.0264
-0.0293
-0.0264
-0.0293
-0.0332
-0.0283
-0.0273
-0.0303
-0.0322
-0.0313
-0.0293
-0.0264
-0.0293
-0.0283
-0.0303
-0.0303
-0.0244
-0.0352
-0.0303
-0.0322
-0.0254
-0.0303
-0.0293
-0.0283
-0.0283
-0.0313
-0.0303
-0.0332
-0.0273
-0.0273
-0.0313
-0.0313
-0.0283
-0.0264
-0.0322
-0.0244
-0.0273
-0.0283
-0.0283
-0.0293
-0.0303
-0.0283
-0.0322
-0.0352
-0.0273
-0.0264
-0.0273
-0.0283
-0.0313
-0.0283
-0.0303
-0.0303
-0.0303
-0.0303
-0.0293
-0.0293
-0.0303
-0.0322
-0.0293
-0.0322
-0.0283
-0.0293
-0.0313
-0.0293
-0.0293
-0.0273
-0.0283
-0.0322
-0.0313
-0.0332
-0.0322
-0.0322
-0.0283
-0.0303
-0.0293
-0.0303
-0.0332
-0.0293
-0.0313
-0.0303
-0.0293
-0.0283
-0.0273
-0.0332
-0.0313
-0.0273
-0.0273
-0.0293
-0.0283
-0.0293
-0.0283
-0.0293
-0.0254
-0.0273
-0.0273
-0.0293
-0.0283
-0.0293
-0.0273
-0.0283
-0.0322
-0.0273
-0.0293
-0.0293
-0.0303
-0.0293
-0.0283
-0.0303
-0.0303
-0.0293
-0.0254
-0.0264
-0.0293
-0.0293
-0.0322
-0.0303
-0.0254
-0.0283
-0.0293
-0.0293
-0.0293
-0.0322
-0.0332
-0.0303
-0.0313
-0.0322
-0.0273
-0.0566
-0.2949
0.1016
0.4463
0.4443
0.1211
0.1963
0.0371
0.0234
0.0059
0.0107